2 SYNONYMS, AT LEAST 28 WORDS, DATE > 1700
LOANWORDS EXCLUDED

LDND                          BATEK  BATEK  CEQ_W  JAH_H  JAHAI  KENSI  KINTA  LANOH  MAH_M  MINTI  SABUM  SEMAI  SEMAI  SEMAQ  SEMEL  SEMNA  TEMIA  TEMOQ  TONGA  BAHNA  BAHNA  BRAO{  BUNOR  CHENG  CHRAU  CUA{A  GAR{A  JEH{A  JEH_2  JRU{A  KUAN{  LOVEN  NHAHE  NHAHE  OI{Au  PREH{  RENGA  ROLOM  SAPUA  SEDAN  SRE{A  STIEN  TAMPU  TODRA  BRU{A  BRU_W  KATU{  KATU_  KUI_T  KUI_T  KUY{A  NGE{A  NYEU{  PACOH  KEMIE  KHASI  KHASI  PNAR_  WAR_J  KHMER  KHMER  SURIN  MON{A  MON_2  MON_N  NYAKU  NYAKU  CAR{A  NANCA  TERES  BUGAN  BUGAN  PALIU  CHONG  KASON  PEAR{  PEAR_  SAMRE  SAOCH  ABIRP  BODOB  GATA{  HO{Au  HO_2{  JABRI  JUANG  JURAY  KHARI  KODA{  KORKU  MATIN  MUNDA  MUNDA  PACHO  PAHAR  PATIC  RAJAR  RASHI  RAUTN  REMO{  SANTA  SAVAR  SORA{  SORA_  AISHU  AWALA  BANHO  BIT{A  BUMAN  DAMAN  DANAW  DEANG  DEANG  GUANS  KHANG  KHMU{  KHMU_  KSINM  KSINM  LAMPA  LAWA_  MAL{A  MANG{  MASAN  MENGG  MLABR  PALAU  PLANG  RUMAI  U{AuA  WA{Au  WA_3{  WIANG  XIYUN  YANCH  ZHONG  MALIE  MUNG_  RUC{A  RUC_2  THAVU  VIETN     VIETN  VIETN

BATEK_DEQ{AuA.ASLIAN|Austr      .00
BATEK_NONG{AuA.ASLIAN|Aust    41.70    .00
CEQ_WONG{AuA.ASLIAN|Austro    78.54  76.61    .00
JAH_HUT{AuA.ASLIAN|Austro-    79.96  72.49  73.03    .00
JAHAI{AuA.ASLIAN|Austro-As    65.34  59.13  66.82  67.05    .00
KENSIW{AuA.ASLIAN|Austro-A    71.30  69.22  66.59  81.20  62.58    .00
KINTAQ{AuA.ASLIAN|Austro-A    49.82  44.06  72.37  77.53  54.61  35.87    .00
LANOH{AuA.ASLIAN|Austro-As    76.98  71.56  77.33  63.18  66.08  86.76  77.08    .00
MAH_MERI{AuA.ASLIAN|Austro    84.13  76.12  84.04  81.21  84.06  93.58  82.20  76.84    .00
MINTIL{AuA.ASLIAN|Austro-A    44.20  39.46  79.12  72.56  64.70  68.65  49.59  75.96  81.38    .00
SABUM{AuA.ASLIAN|Austro-As    77.33  70.81  79.82  65.52  70.11  87.34  77.09  21.62  74.76  75.93    .00
SEMAI{AuA.ASLIAN|Austro-As    81.10  79.94  78.69  65.59  71.68  85.13  76.98  70.16  78.85  80.10  67.89    .00
SEMAI_2{AuA.ASLIAN|Austro-    82.36  80.10  74.31  60.00  66.99  81.27  76.45  69.57  80.54  81.99  69.15  17.49    .00
SEMAQ_BERI{AuA.ASLIAN|Aust    79.05  71.02  81.58  70.84  71.83  85.33  71.51  65.46  42.93  73.24  63.61  69.73  69.68    .00
SEMELAI{AuA.ASLIAN|Austro-    89.51  80.00  75.16  76.50  78.54  85.58  83.61  75.24  61.62  81.21  76.57  86.95  78.84  57.43    .00
SEMNAM{AuA.ASLIAN|Austro-A    76.81  73.76  81.14  70.41  73.07  76.10  76.59  46.50  79.61  73.98  42.73  69.00  66.67  73.18  75.37    .00
TEMIAR{AuA.ASLIAN|Austro-A    84.63  80.14  79.42  62.57  65.22  85.72  77.59  54.47  76.83  76.05  56.51  60.93  58.76  69.22  82.84  71.24    .00
TEMOQ{AuA.ASLIAN|Austro-As    87.96  78.68  85.95  80.04  78.93  87.65  83.12  76.82  57.39  82.68  77.37  88.21  85.66  57.14  41.96  77.26  85.75    .00
TONGA{AuA.ASLIAN|Austro-As    66.15  66.67  66.92  78.80  70.61  51.97  45.10  77.02  84.80  70.38  74.84  76.50  76.83  81.03  80.84  73.26  86.23  85.59    .00
BAHNAR{AuA.BAHNARIC|Austro    93.36  90.40  89.15  83.73  88.34  99.13  91.12  83.84  83.37  89.55  84.29  86.68  85.31  82.15  72.11  90.12  85.88  78.73  94.28    .00
BAHNAR_2{AuA.BAHNARIC|Aust    91.11  91.04  89.19  81.70  87.98  94.03  89.44  83.86  82.55  89.59  83.80  81.25  79.21  80.96  70.32  89.32  86.16  75.78  90.43  21.96    .00
BRAO{AuA.BAHNARIC|Austro-A    96.19  98.96  88.98  80.98  91.03  95.87  97.72  88.64  89.36  94.33  91.06  93.38  88.14  84.48  74.14  89.65  87.66  79.91  97.72  53.60  57.75    .00
BUNOR{AuA.BAHNARIC|Austro-    98.43  94.23  96.73  90.83  97.44  98.38  90.81  91.27  84.92  95.00  90.58  89.97  88.37  85.44  81.98  93.87  95.60  83.03  97.02  51.62  53.17  62.87    .00
CHENG{AuA.BAHNARIC|Austro-    92.91  97.86  90.40  82.49  92.86  94.48  94.51  89.47  89.06  90.90  88.76  89.52  85.75  86.11  71.59  91.78  83.39  77.17  96.70  52.84  54.28  29.98  68.93    .00
CHRAU{AuA.BAHNARIC|Austro-    91.46  91.25  89.50  85.75  90.44  92.42  89.20  87.19  82.41  89.78  87.45  88.00  85.56  85.45  76.66  87.96  91.25  81.92  89.00  55.71  52.31  66.71  45.20  65.66    .00
CUA{AuA.BAHNARIC|Austro-As    94.10  93.88  92.41  86.12  92.12  95.50  90.67  87.20  87.42  94.14  85.62  85.20  85.57  85.45  87.78  91.33  87.70  85.35  93.17  65.83  62.89  66.31  70.38  69.53  68.97    .00
GAR{AuA.BAHNARIC|Austro-As   101.48  93.82  93.96  90.60  94.42  97.94  91.39  94.42  79.92  97.77  94.26  87.96  85.79  85.26  84.50  97.86  95.04  83.92  95.82  60.34  60.96  70.77  30.24  78.69  57.07  76.73    .00
JEH{AuA.BAHNARIC|Austro-As    90.76  90.35  87.88  84.55  85.94  93.88  88.10  82.74  87.03  89.34  83.31  83.71  83.33  79.91  74.41  88.98  85.95  78.61  89.57  57.53  55.82  54.29  66.08  56.49  65.83  66.76  71.21    .00
JEH_2{AuA.BAHNARIC|Austro-    90.25  89.83  85.57  81.81  85.34  93.65  88.81  83.02  87.51  89.88  84.05  84.11  80.28  80.64  75.09  87.62  84.14  79.45  89.29  57.68  55.56  50.24  66.10  54.09  64.33  64.02  70.24   9.96    .00
JRU{AuA.BAHNARIC|Austro-As    93.32  93.33  89.49  84.29  91.35  92.83  94.34  83.00  88.22  91.62  85.04  87.05  82.20  83.33  80.69  89.28  84.29  82.44  97.38  57.23  58.12  29.69  58.77  30.84  67.33  67.81  66.26  54.40  48.21    .00
KUAN{AuA.BAHNARIC|Austro-A   102.14  95.25  94.91  87.35  93.96  95.68  91.79  92.39  80.33  95.31  91.38  88.24  85.59  86.24  83.97  93.03  93.46  83.39  96.78  55.07  54.91  63.85  28.40  72.88  54.80  75.19  28.16  71.61  68.32  61.96    .00
LOVEN{AuA.BAHNARIC|Austro-    97.29  98.08  88.42  88.01  92.75  93.44  97.71  88.72  91.02  94.61  89.10  90.47  86.91  88.67  80.17  93.92  87.57  82.24  97.07  62.24  60.82  30.29  68.78  32.24  71.08  71.90  76.95  57.37  52.72  24.25  71.46    .00
NHAHEUN{AuA.BAHNARIC|Austr    89.92  93.72  92.53  86.39  92.74  94.29  94.16  85.63  87.02  92.81  86.84  91.71  87.52  82.52  77.70  91.37  84.29  81.32  97.62  57.72  60.14  36.90  67.80  35.00  70.33  69.10  70.68  59.30  54.76  28.79  74.11  34.92    .00
NHAHEUN_2{AuA.BAHNARIC|Aus    91.40  94.70  93.04  85.87  91.56  93.50  94.80  86.84  86.62  94.76  87.41  90.03  85.06  83.24  78.90  91.39  83.70  82.42  97.67  56.44  56.84  34.91  63.12  33.22  70.90  65.75  66.80  58.01  52.72  23.48  68.00  34.01   9.74    .00
OI{AuA.BAHNARIC|Austro-Asi    96.55  98.68  90.10  82.91  92.27  95.94  94.90  88.57  90.87  95.20  88.73  91.26  86.66  84.87  75.46  91.43  86.33  81.49  95.91  56.00  54.48  21.87  68.15  20.61  67.56  65.96  73.88  55.10  50.23  30.13  70.59  30.74  26.36  27.12    .00
PREH{AuA.BAHNARIC|Austro-A    97.56  94.87  97.16  91.09  98.11  98.28  88.92  90.98  84.28  94.72  90.24  89.72  88.14  83.96  81.88  92.06  95.27  82.84  97.78  52.92  54.53  62.56   8.71  69.21  46.38  71.31  29.96  67.68  67.70  58.49  30.19  68.48  68.46  63.84  67.32    .00
RENGAO{AuA.BAHNARIC|Austro    93.64  90.58  89.57  90.01  87.89  93.91  90.83  84.85  86.60  90.39  86.81  84.28  85.16  83.67  78.26  92.71  90.09  80.51  94.37  52.93  53.88  65.02  67.33  69.24  68.20  71.62  69.55  51.95  55.12  65.50  70.23  70.92  65.57  65.50  64.54  68.51    .00
ROLOM{AuA.BAHNARIC|Austro-    99.79  92.95  92.69  89.69  92.50  96.05  92.01  92.78  80.79  96.32  93.58  89.57  86.46  84.30  84.87  95.63  93.35  84.32  95.16  57.00  58.89  64.47  34.12  75.54  59.56  73.76  21.96  67.86  65.47  62.48  24.82  73.33  67.22  62.53  70.34  35.71  67.83    .00
SAPUAN{AuA.BAHNARIC|Austro    92.64  97.10  89.47  88.84  93.21  94.42  96.82  89.80  89.74  93.15  88.32  94.05  91.09  86.97  79.14  93.82  87.37  79.97  98.03  64.88  67.04  28.49  69.15  32.95  72.47  72.48  78.70  65.57  62.61  36.04  74.64  36.06  45.43  38.95  32.55  69.48  71.87  74.08    .00
SEDANG{AuA.BAHNARIC|Austro    89.18  89.47  93.50  88.32  91.62  95.20  89.40  89.99  95.08  89.35  90.27  84.75  83.67  89.27  89.65  93.71  91.84  92.19  92.95  72.63  70.80  81.38  78.02  79.31  80.88  80.84  77.56  63.74  64.97  79.13  79.16  82.78  80.28  78.01  78.02  78.69  62.61  78.80  84.33    .00
SRE{AuA.BAHNARIC|Austro-As    85.84  84.84  85.31  81.74  89.86  94.73  81.26  85.31  83.95  84.45  85.08  83.04  82.14  71.52  79.19  87.14  90.84  79.64  88.08  61.68  65.32  73.01  48.78  75.60  60.08  69.92  56.80  70.96  68.81  73.49  61.46  78.67  78.34  76.47  75.78  46.44  68.45  56.98  77.64  81.96    .00
STIENG{AuA.BAHNARIC|Austro    90.18  89.11  90.44  80.91  90.89  90.94  90.05  85.32  86.09  85.71  87.23  89.91  87.70  77.10  76.31  89.99  88.05  75.80  93.28  53.78  55.03  63.95  38.29  65.58  49.50  64.90  53.69  64.97  62.55  59.97  44.81  70.87  66.67  66.35  66.91  39.29  65.24  51.16  67.70  73.18  53.54    .00
TAMPUAN{AuA.BAHNARIC|Austr    87.00  88.57  92.19  81.54  89.37  94.62  86.86  85.76  89.06  89.89  86.61  82.68  80.54  82.44  82.82  91.42  89.00  89.75  92.75  57.51  56.10  67.96  57.07  67.20  67.11  66.76  66.54  68.48  66.25  63.76  62.66  67.39  71.57  64.33  65.71  58.11  74.98  62.00  77.17  73.18  65.68  62.13    .00
TODRAH_UnnamedInSource{AuA    92.98  92.55  92.80  92.48  92.50  91.96  88.69  91.12  90.69  90.86  91.11  87.76  86.12  85.27  84.32  95.24  96.93  85.73  91.28  61.51  62.77  72.68  72.55  73.74  74.66  72.40  76.11  62.76  60.69  69.31  74.31  71.06  75.46  68.61  69.40  72.62  60.64  75.61  80.92  51.76  78.30  72.13  73.57    .00
BRU{AuA.KATUIC|Austro-Asia    89.39  92.62  90.31  81.99  88.01  93.64  89.58  84.73  87.88  92.29  87.51  89.45  84.99  81.42  83.10  85.83  89.03  83.11  91.50  73.94  79.91  72.10  79.11  71.47  79.48  80.47  77.08  75.70  73.85  71.79  82.04  75.60  73.79  73.51  70.49  78.76  79.79  79.68  81.43  82.99  81.51  80.13  75.67  78.85    .00
BRU_WESTERN_UnnamedInSourc    93.49  92.14  91.69  84.99  91.81  94.24  91.75  90.59  80.41  92.76  90.44  88.41  85.65  82.40  86.15  89.61  92.85  81.52  93.92  79.27  82.28  76.23  77.29  80.42  79.64  82.53  70.34  77.89  76.92  77.53  77.59  79.53  81.65  80.29  79.80  77.03  76.61  74.01  82.83  86.04  82.09  80.76  74.19  79.70  31.41    .00
KATU{AuA.KATUIC|Austro-Asi    91.46  89.37  85.61  83.95  88.65  92.83  90.30  86.89  93.53  87.92  87.65  85.90  81.29  88.76  84.98  84.12  86.75  86.91  92.91  75.29  76.61  64.28  80.37  72.33  79.57  74.94  81.02  74.82  73.43  70.94  81.45  70.68  70.41  69.82  66.49  80.86  79.64  80.09  73.01  83.40  79.96  76.97  72.44  79.26  53.48  62.89    .00
KATU_EASTERN{AuA.KATUIC|Au    88.66  90.07  90.63  88.64  89.53  93.01  90.92  84.36  88.50  89.71  87.56  90.51  88.35  87.07  86.59  88.09  86.79  85.43  89.93  78.77  82.75  76.14  81.95  79.85  84.74  79.97  81.50  76.21  73.61  77.09  85.30  79.69  70.76  73.30  75.68  81.72  77.11  80.01  81.10  87.97  80.32  77.55  80.27  86.37  71.87  72.58  46.81    .00
KUI_THAILAND{AuA.KATUIC|Au    91.64  92.07  86.78  85.27  91.80  92.70  91.56  85.83  87.01  91.01  87.27  82.90  82.03  85.32  85.83  84.75  89.73  83.78  92.21  77.27  76.00  74.43  74.24  75.86  73.91  82.92  72.78  74.90  75.89  74.25  73.81  78.85  78.05  78.79  76.36  75.31  77.73  72.55  82.21  83.78  83.31  75.71  79.29  80.19  52.19  51.47  69.17  74.05    .00
KUI_THAILAND_2{AuA.KATUIC|    91.99  93.80  90.47  80.62  92.07  96.41  94.60  86.43  88.58  92.19  87.78  86.44  81.88  85.77  85.47  86.21  89.24  84.88  94.96  79.37  78.39  69.64  75.60  74.47  76.61  82.02  73.62  77.80  73.57  69.27  75.55  76.41  73.10  72.35  73.53  77.41  81.02  73.92  77.95  85.47  82.47  77.47  77.15  79.74  39.67  46.45  62.81  74.69  24.61    .00
KUY{AuA.KATUIC|Austro-Asia    88.59  92.45  91.69  88.67  90.25  95.00  90.01  89.29  90.46  90.81  90.11  87.54  84.96  87.03  87.02  87.20  92.27  86.41  92.52  78.46  78.27  75.47  84.30  77.34  81.16  80.99  81.00  83.19  80.14  75.26  83.72  83.58  74.21  72.45  74.34  82.45  82.40  80.93  83.60  83.29  83.32  82.01  78.69  79.03  47.86  61.59  67.20  82.03  44.44  31.43    .00
NGE{AuA.KATUIC|Austro-Asia    86.45  90.60  87.43  84.30  86.54  90.88  91.13  85.50  81.62  89.83  85.26  84.94  81.92  80.63  82.29  86.52  86.61  83.61  92.05  72.63  74.22  71.83  78.80  72.17  76.61  81.44  80.83  79.61  77.40  74.95  80.71  72.83  73.43  72.11  71.57  78.81  83.67  81.91  78.18  89.09  81.11  82.14  76.85  84.51  52.44  57.14  46.96  62.77  64.55  55.47  64.11    .00
NYEU{AuA.KATUIC|Austro-Asi    89.38  88.75  90.74  85.83  86.16  93.20  88.84  84.84  85.11  89.66  88.51  89.94  86.18  84.69  85.66  88.94  87.66  83.90  90.40  80.50  80.23  75.67  77.30  74.51  79.37  79.63  79.22  74.25  74.94  75.98  79.73  79.77  76.85  75.31  77.02  78.70  82.06  78.67  79.34  86.37  81.41  76.48  80.01  83.28  58.52  64.99  66.75  74.05  53.45  42.32  55.32  62.37    .00
PACOH{AuA.KATUIC|Austro-As    92.63  92.64  89.43  90.38  92.08  92.81  92.00  89.77  87.91  90.79  88.84  88.47  86.99  86.98  83.35  84.97  89.23  89.63  91.99  72.54  79.73  69.18  72.03  75.06  75.71  76.76  75.55  75.86  75.13  71.93  77.73  74.29  68.63  68.03  74.24  71.44  76.85  76.78  77.85  87.07  74.31  76.05  83.89  77.98  51.52  56.58  49.71  62.44  66.10  58.20  64.19  51.30  62.71    .00
KEMIE{AuA.KEMIE|Austro-Asi    91.61  90.23  91.12  87.45  91.84  92.04  95.76  90.63  89.23  88.79  88.79  88.12  85.94  89.93  93.67  89.26  91.11  88.03  97.75  88.54  82.99  93.26  91.43  90.25  88.88  91.41  91.53  89.36  89.94  90.01  94.76  91.03  89.63  91.15  92.84  91.70  90.13  92.21  93.41  92.92  92.17  89.50  92.12  93.00  90.51  90.61  89.63  95.70  89.49  90.24  91.51  86.99  85.83  89.92    .00
KHASI{AuA.KHASIAN|Austro-A    94.63  95.45  92.50  96.59  97.88  95.95  94.06  94.73  98.27  94.76  97.18  96.38  94.58  95.72  97.28  94.60  95.75  97.60  97.89  90.17  88.56  91.63  95.12  92.62  91.58  93.13  91.46  91.98  92.12  96.33  93.04  94.99  92.44  91.68  92.30  94.64  93.28  90.80  96.28  94.70  91.67  89.62  91.61  93.89  88.13  89.95  92.59  96.51  85.87  87.98  89.67  89.73  89.30  90.75  89.67    .00
KHASI_2{AuA.KHASIAN|Austro    97.00  94.02  94.96  93.89  93.82  99.63  97.48  91.99  95.43  94.15  91.42  90.52  89.86  92.01  95.21  94.84  93.52  92.10  99.46  87.55  84.06  92.77  94.19  92.70  88.67  91.46  91.30  90.26  89.58  95.50  94.63  92.70  91.54  91.70  91.79  93.70  88.96  91.66  94.65  93.01  90.96  90.43  89.17  90.20  87.11  88.48  90.49  94.95  86.85  84.81  83.80  86.96  86.85  90.49  87.85  36.83    .00
PNAR_JOWAI{AuA.KHASIAN|Aus    98.14  95.16  89.49  91.08  93.47  99.04  97.81  89.96  95.92  96.75  91.95  89.48  88.00  94.67  93.79  93.86  92.62  95.35  99.43  85.38  85.14  91.08  92.07  89.87  85.70  92.99  88.08  90.96  89.29  93.80  92.61  93.04  91.33  90.06  92.45  91.52  88.77  89.33  90.76  90.18  88.11  89.32  88.99  87.02  91.75  91.11  89.82  93.59  87.41  86.72  86.64  89.84  88.25  90.98  85.94  51.75  32.98    .00
WAR_JAINTIA{AuA.KHASIAN|Au    97.64  97.99  96.54  92.23  97.24  97.04  94.78  93.50  95.73  96.98  94.21  94.54  94.19  93.06  96.06  95.24  94.16  94.60  95.37  92.92  91.39  91.37  83.72  91.14  87.31  93.00  87.51  91.95  91.30  91.97  86.00  93.25  91.32  91.56  92.88  84.47  94.73  91.32  92.81  96.44  92.48  84.37  92.26  94.46  92.64  91.84  90.35  98.00  86.46  88.14  90.91  96.59  90.81  91.82  96.55  76.43  74.15  72.18    .00
KHMER{AuA.KHMER|Austro-Asi    93.37  98.59  93.94  91.87  95.08  96.04  96.41  93.10  92.27  95.69  93.91  94.14  93.71  91.47  90.87  90.20  93.80  87.21  93.88  87.77  86.29  81.00  93.82  82.06  93.21  89.86  93.62  88.55  87.28  82.95  93.22  82.26  84.56  85.54  85.09  93.46  92.97  92.19  83.18  95.14  89.76  86.07  87.29  91.86  89.28  91.03  85.43  86.89  84.31  89.05  91.24  85.24  86.53  90.12  91.84  97.74  95.23  94.88  96.49    .00
KHMER_2{AuA.KHMER|Austro-A    92.45  95.85  94.22  91.27  95.13  96.83  94.53  96.87  95.43  93.95  97.49  96.28  93.06  94.32  89.88  92.90  90.80  92.42  92.67  93.18  91.34  81.73  94.54  84.79  92.99  93.01  89.40  93.64  92.59  89.04  91.61  81.98  86.44  88.81  84.45  92.99  97.32  89.21  85.20  93.59  92.23  88.89  85.01  93.74  87.08  89.91  85.96  89.34  89.74  87.89  94.31  83.40  88.10  90.15  94.49  95.26  96.04  91.19  96.99  48.60    .00
SURIN{AuA.KHMER|Austro-Asi    91.30  92.74  92.41  91.06  91.27  90.89  89.39  93.19  94.03  89.80  94.40  90.49  85.83  94.52  85.20  88.95  91.45  91.73  92.88  90.70  86.23  83.80  90.49  87.92  88.49  95.24  90.12  94.06  91.81  82.51  89.79  82.93  86.84  86.89  85.76  90.57  95.31  90.19  84.38  92.11  89.66  90.39  83.22  91.14  93.40  92.30  86.07  90.32  93.49  90.34  92.53  82.45  89.64  90.74  93.74  97.50  93.65  89.52  95.75  63.17  50.16    .00
MON{AuA.MONIC|Austro-Asiat    92.49  93.92  86.39  89.80  90.56  90.35  86.42  87.96  93.30  94.09  91.20  85.66  86.47  87.46  90.97  90.94  95.07  87.93  89.19  82.13  79.29  76.67  81.32  83.39  77.17  80.16  79.76  74.15  72.60  74.27  78.90  79.39  83.08  82.63  79.06  79.73  82.59  80.40  82.30  85.02  78.57  77.12  80.40  84.67  82.02  83.71  80.37  82.83  81.59  82.71  85.57  83.74  83.70  90.52  95.31  94.72  94.42  91.03  90.95  85.59  89.17  85.80    .00
MON_2{AuA.MONIC|Austro-Asi    88.73  92.16  81.67  86.84  87.85  91.03  89.51  88.07  92.81  89.12  88.78  87.11  84.89  90.25  88.41  89.16  91.88  87.01  89.71  83.86  85.42  82.28  88.21  83.56  83.84  88.52  88.51  77.69  76.42  79.37  86.35  84.69  86.36  82.54  82.28  87.35  85.38  88.65  88.03  88.20  85.22  83.91  84.30  89.97  86.44  85.82  84.32  86.70  89.30  85.49  87.43  85.72  87.86  94.35  92.89  96.60  96.24  92.57  95.43  91.36  93.33  88.40  43.89    .00
MON_NONG_DUU{AuA.MONIC|Aus    96.68  97.80  84.77  84.40  90.21  91.51  89.68  89.81  97.27  89.88  90.39  89.33  87.58  94.38  91.93  89.14  91.10  91.53  90.82  91.71  89.69  90.92  89.51  88.39  87.69  93.70  90.35  90.17  88.44  86.52  90.61  91.06  86.71  85.60  88.86  89.15  91.45  91.31  92.82  94.07  87.59  84.99  88.50  93.85  89.67  91.14  90.06  89.39  88.79  88.33  94.66  87.70  94.98  91.95  91.87  93.98  95.92  93.68  94.73  93.15  91.77  95.05  66.00  42.22    .00
NYAKUR{AuA.MONIC|Austro-As    93.41  96.07  86.95  85.50  89.35  92.09  89.37  87.56  89.35  88.62  88.48  84.61  85.27  85.39  88.21  88.83  90.08  91.86  89.41  82.11  84.68  82.31  84.48  84.78  85.22  81.86  82.86  81.87  81.17  78.82  84.71  82.34  81.24  81.31  83.35  83.07  89.76  82.05  85.30  87.53  84.97  82.72  80.69  87.36  86.07  85.97  81.81  81.81  86.26  83.16  93.68  78.94  86.37  82.33  91.51  96.73  97.59  95.75  94.48  82.18  84.31  83.80  51.26  59.40  65.85    .00
NYAKUR_2{AuA.MONIC|Austro-    91.39  92.53  84.58  81.58  87.86  91.23  87.96  86.01  87.77  87.04  86.54  87.06  83.57  83.50  84.97  88.27  87.92  88.52  88.29  82.96  83.42  78.12  83.97  82.20  82.61  84.05  83.59  81.61  76.87  74.82  84.14  78.81  78.57  78.21  81.65  82.76  87.77  81.17  81.79  85.43  83.53  80.37  79.18  85.11  80.93  83.24  77.22  80.44  85.10  79.15  90.96  74.29  84.08  79.56  89.96  95.78  97.41  95.28  94.28  86.57  82.05  85.32  55.88  56.04  62.19  24.08    .00
CAR{AuA.NICOBARESE|Austro-    89.84  91.92  91.11  89.42  94.17  93.39  90.89  85.69  87.95  91.27  89.15  90.41  88.53  91.12  89.59  91.23  96.92  89.01  91.29  85.09  83.47  87.18  85.33  87.27  83.65  83.64  86.37  84.81  83.84  88.72  87.74  89.45  86.03  86.43  89.42  85.72  84.26  84.97  90.31  88.69  87.06  84.66  88.14  88.07  89.41  87.41  87.45  80.66  84.78  86.31  90.31  82.99  82.81  84.59  91.61  94.63  93.06  92.08  93.26  92.34  97.80  97.52  85.79  88.68  89.57  86.69  84.52    .00
NANCAWRI{AuA.NICOBARESE|Au    85.71  89.93  89.87  94.42  93.23  92.09  88.10  89.08  88.49  97.04  91.51  92.96  91.04  88.69  89.25  90.06  95.67  87.77  94.04  91.47  88.45  95.28  89.15  94.76  88.75  88.02  91.30  83.74  84.72  91.68  92.76  93.31  94.67  92.98  95.86  88.35  90.57  91.61  97.26  94.12  88.08  91.58  86.26  92.80  89.02  87.52  91.09  90.09  89.21  88.76  89.57  85.64  85.85  92.62  93.86  93.17  96.19  96.89  95.30  92.17  97.87  98.29  89.44  88.47  94.52  89.55  88.02  71.65    .00
TERESSA{AuA.NICOBARESE|Aus    96.95  95.94  90.49  92.52  94.53  97.13  95.41  93.96  96.11  96.85  91.76  93.75  93.76  93.64  92.11  98.30  95.29  91.57  96.68  95.57  93.48  95.17  93.79  92.27  91.74  87.35  95.05  89.40  86.96  93.57  93.93  94.48  93.69  94.28  92.62  95.75  90.31  92.14  90.47  93.59  94.82  91.94  95.80  96.39  93.04  95.26  94.07  93.56  89.71  88.96  92.50  93.64  93.62  94.90  97.02  98.60  96.10  96.45  95.08 100.68 103.79 102.79  91.72  97.70  97.66  93.07  92.08  83.34  80.35    .00
BUGAN{AuA.PALYU|Austro-Asi   100.34 100.91  99.78  95.64  98.34 100.71 103.05  96.98  95.96 103.60  96.70 100.27  99.31  98.30  96.31  96.34  98.87  93.83  97.97  98.26  97.69  94.22  99.58  94.70  97.28  96.38  97.46  95.19  93.04  95.67  97.11  97.29  92.21  91.32  93.98  99.43  98.85  96.81  95.49 101.96  94.87  98.35  98.16 101.82  94.74  98.30  95.40  96.34  96.48  94.47  96.26  93.11  92.66  94.03  91.07  99.11  99.74  95.06 101.44  95.45  96.75  98.25  98.00 100.61  96.90  96.89  92.21  93.58  96.66  96.11    .00
BUGAN_2{AuA.PALYU|Austro-A    98.74  98.63  94.22  98.34  96.46  97.40  97.52  98.22  96.89  97.06  99.03  98.79  98.69  96.87  99.15  98.17  99.16  96.22  97.50 100.15 100.56 100.98  99.94 101.93  99.13 101.67  99.42  98.37  98.48 100.36  99.72 101.13 100.94  99.85 102.84 100.97 103.52 100.49 102.29 101.38  98.38 101.35 101.21 101.14  97.49  98.00 101.19  99.37  96.89  98.15 100.71  99.44  97.01  97.89  96.39  97.01  98.59  96.27 100.01  99.44  99.72 100.93  99.79 101.28  99.60  97.56  94.28  96.36  94.95  99.50  53.75    .00
PALIU{AuA.PALYU|Austro-Asi    97.86  97.82  96.03  96.17  96.14  98.78  97.61  97.93  96.22  98.38  96.37  96.24  94.62  98.87  96.16  97.05  95.76  98.41  95.43  93.66  91.84  94.92  92.48  93.45  91.83  93.43  90.38  89.79  87.18  97.07  98.07  97.10  94.84  94.55  91.86  92.91  92.63  96.80  93.64  95.06  93.43  94.84  94.09  94.02  93.11  93.57  94.81  93.13  97.64  95.93  92.86  95.52  93.76  94.81  92.74  91.41  92.05  92.75  94.96  98.27  96.92  93.97  97.06  98.77  94.29  96.94  96.33  91.16  98.15  94.67  87.20  94.71    .00
CHONG_H{AuA.PEARIC|Austro-    92.02  90.98  87.95  84.75  94.69  89.49  90.35  94.95  86.35  90.03  93.99  90.19  89.46  87.32  81.20  88.49  94.68  84.45  88.16  83.11  83.30  85.37  86.04  87.77  82.02  90.72  90.47  84.26  84.31  87.25  88.62  87.28  87.09  86.83  86.64  85.84  89.21  90.10  85.74  93.94  88.11  84.14  90.27  91.64  93.66  91.65  84.66  87.45  87.15  88.54  90.11  83.69  87.37  87.26  83.82  92.78  92.15  93.80  90.98  94.37  90.72  90.32  92.57  90.26  93.76  89.46  87.59  89.22  92.36  89.19  94.93  95.73  96.70    .00
KASONG{AuA.PEARIC|Austro-A    92.04  96.53  92.90  86.23  99.00  92.90  96.69  95.39  90.64  94.47  94.11  92.09  90.70  89.65  88.95  93.20  96.65  89.03  94.08  77.20  78.11  81.99  84.50  81.44  80.58  87.91  87.30  81.78  80.17  84.51  86.10  84.69  82.48  81.97  83.28  83.85  85.43  87.37  84.23  86.60  86.79  82.09  86.42  88.06  86.81  91.05  86.84  91.00  87.26  87.20  86.27  83.06  85.86  88.31  87.04  94.13  91.03  90.18  93.33  91.99  91.41  92.76  91.51  95.26  98.39  91.47  91.04  86.49  94.19  93.00  96.44  97.77  99.37  46.12    .00
PEAR{AuA.PEARIC|Austro-Asi    92.61  96.47  92.43  89.45  95.54  93.30  92.99  95.19  94.22  95.85  94.00  91.31  89.81  90.48  91.35  92.06  94.96  87.29  93.50  81.31  82.44  80.76  85.73  80.93  87.51  89.91  88.67  82.29  82.51  79.62  90.19  81.55  82.62  81.60  84.27  85.84  86.85  89.82  82.85  91.22  89.41  86.15  88.70  89.51  87.04  89.75  85.57  89.64  80.53  84.58  86.00  85.10  86.35  87.39  86.88  93.50  93.50  92.54  88.65  86.38  89.41  90.45  90.84  96.24  98.64  90.98  93.16  90.67  93.73  91.17  98.45  96.52  99.53  56.17  45.59    .00
PEAR_B{AuA.PEARIC|Austro-A    94.80  94.92  90.90  87.79  94.98  92.42  97.49  99.03  91.32  91.99  99.62  94.69  91.36  94.32  86.67  92.00  94.90  89.98  93.71  82.52  85.18  81.71  89.49  86.68  85.55  92.28  85.90  87.98  85.30  87.63  89.09  91.64  83.67  83.23  86.48  90.13  87.82  84.07  85.13  89.66  92.84  87.46  87.44  89.78  87.18  84.17  83.19  86.52  81.30  82.47  86.70  83.31  83.94  87.22  89.13  91.25  92.36  91.22  89.92  88.55  85.05  86.88  93.78  94.66  97.52  89.81  90.22  85.25  93.16  93.75  95.84  94.53  94.19  63.84  53.48  63.59    .00
SAMRE{AuA.PEARIC|Austro-As    90.96  93.97  89.55  85.66  96.44  93.13  91.94  90.18  91.31  90.25  88.47  88.22  86.65  89.68  88.40  87.62  94.91  87.66  88.89  79.56  77.91  83.17  87.29  82.97  81.23  86.91  88.02  85.41  84.15  83.88  89.68  84.62  82.62  81.55  82.32  86.43  87.78  90.32  84.35  90.91  85.32  84.08  86.19  90.69  84.95  89.35  84.85  90.18  86.38  86.48  82.97  85.14  88.55  86.78  90.34  91.56  90.49  91.48  91.34  90.36  91.93  92.59  89.78  90.56  95.59  94.72  94.68  92.04  94.28  93.79 100.82  97.35  97.13  59.71  41.73  59.22  65.43    .00
SAOCH{AuA.PEARIC|Austro-As    87.26  93.48  94.51  88.21  96.46  94.07  94.31  96.14  88.13  93.51  92.91  86.08  85.50  85.57  90.21  90.67  93.82  91.55  92.80  88.44  91.57  87.44  91.73  89.08  91.12  90.79  90.92  88.32  89.36  89.30  89.90  90.11  87.62  89.16  90.90  92.27  92.95  89.13  89.80  92.12  93.54  88.12  82.40  93.15  86.59  85.07  87.47  94.85  83.34  83.51  93.39  87.92  91.49  93.22  93.32  95.37  95.02  95.87  94.06  90.04  83.11  87.20  91.14  93.06  97.20  84.53  86.16  90.65  89.33  95.32 100.66  96.90 100.69  66.70  65.56  70.85  74.31  74.80    .00
ABIRPARA_MAHALI{AuA.MUNDA|    95.98  95.54  95.48  92.55  94.47  96.90  96.16  93.50  89.22  98.84  92.31  92.21  92.93  89.77  93.66  91.60  93.74  89.20  91.10  90.42  87.43  88.19  94.65  86.89  85.70  90.97  96.53  89.06  87.00  89.90  93.31  90.82  85.63  85.03  85.93  93.29  89.30  93.45  92.56  96.61  90.66  88.98  92.60  94.61  84.56  88.51  92.21  93.62  86.98  85.30  82.91  91.09  89.88  85.78  99.62  93.37  93.21  96.12  93.13  96.87  99.56 100.44  90.40  92.23  93.28  91.59  91.80  92.35  97.02  97.96  93.79 100.03  97.64  92.77  92.20  96.23  87.83  90.72  99.25    .00
BODOBELGHORIA_SANTALI{AuA.    96.08  94.70  94.64  91.07  94.82  96.69  96.06  90.35  86.84  98.91  89.40  91.26  92.04  87.30  91.56  89.22  92.20  89.39  91.66  86.86  88.06  86.39  89.76  84.99  82.35  91.46  93.09  89.83  88.45  89.07  89.83  90.16  83.24  84.70  85.13  88.33  87.42  89.38  91.33  96.85  86.94  86.38  93.32  94.91  82.92  86.87  91.40  93.29  83.83  83.58  84.14  90.58  87.96  85.37  98.68  91.78  91.86  94.14  90.12  95.82  97.19  98.89  88.53  89.85  92.50  90.58  90.35  92.04  98.00  99.08  94.08  99.74  97.33  91.87  92.25  95.38  88.90  89.93  98.26  11.21    .00
GATA{AuA.MUNDA|Austro-Asia   100.42 101.41  94.42 100.40  98.83  94.95  98.22  96.20  92.95  96.22  94.63  97.92  97.79  92.90  93.30  95.44  99.84  93.70  96.31  92.61  91.95  94.68  94.85  95.48  93.48  97.21  96.97  98.15  96.09  93.69  99.70  95.00  92.13  93.45  95.12  94.93  94.97  97.15  95.90  96.49  93.51  96.01  94.70  93.39  94.23  92.23  94.85  93.58  92.25  93.18  91.87  92.89  96.98  90.67  98.64  94.62  95.78  95.59  96.70  98.68  98.88  99.40  90.07  93.10  94.92  91.54  93.23  97.34  97.14  98.55 100.10  97.82  92.65  95.26  96.49  95.59  96.82  96.59  97.96  92.03  87.09    .00
HO{AuA.MUNDA|Austro-Asiati    97.93  97.66  99.38  94.61  96.49  95.68  96.94  93.63  89.06  96.97  93.74  94.67  94.46  88.77  92.23  91.78  93.03  87.82  94.96  89.64  88.48  90.02  91.12  89.81  84.77  92.59  93.22  90.69  89.66  91.83  91.06  92.95  89.61  88.01  90.36  90.47  88.52  92.39  94.03  91.42  89.79  86.48  93.69  92.64  87.62  88.26  94.84  94.91  88.55  86.16  87.23  92.80  88.32  88.73  95.36  91.91  94.84  94.16  97.08  96.98  98.24  98.38  90.34  95.44  97.28  93.53  93.54  93.53  95.03  96.83  94.19  98.04  94.85  95.05  93.99  95.80  87.92  93.15  98.28  43.88  46.84  90.74    .00
HO_2{AuA.MUNDA|Austro-Asia   100.37  99.40  97.59  92.75  96.21  96.86  97.66  94.61  89.95  98.53  92.73  94.15  93.67  89.33  90.34  94.15  91.38  91.26  94.88  88.72  87.80  86.82  89.92  87.71  85.00  91.21  91.66  91.15  88.60  88.93  89.96  90.84  86.18  84.40  87.46  89.60  87.32  90.92  93.02  93.06  92.82  84.15  92.13  91.42  84.52  85.98  93.44  94.62  85.76  83.51  86.08  91.34  87.10  86.53  95.38  88.93  93.54  93.73  92.91  94.54  96.89  96.65  92.07  94.19  96.19  93.37  92.40  93.64  96.85  98.75  96.63  98.69  95.80  96.11  94.32  94.66  86.44  93.54  97.07  41.08  43.38  89.21  26.14    .00
JABRI_SANTALI{AuA.MUNDA|Au    96.57  95.09  94.35  90.21  94.11  97.27  95.09  90.67  88.33  98.57  90.16  91.37  92.12  87.56  90.90  90.56  91.85  89.43  91.36  87.97  86.52  86.44  90.57  85.15  84.70  91.13  94.29  89.63  87.40  88.36  91.19  89.39  83.78  83.17  83.92  89.63  88.85  90.42  92.06  97.10  87.98  88.59  91.93  95.42  82.67  87.97  91.53  92.19  85.29  84.28  84.34  88.62  88.39  84.72  99.14  91.70  91.61  94.55  91.09  96.50  98.28  99.43  88.52  90.93  92.97  91.57  91.15  90.92  96.38  97.05  91.37  98.13  96.29  92.72  92.74  95.61  88.08  90.66  97.78  13.82   6.63  90.10  45.72  42.98    .00
JUANG{AuA.MUNDA|Austro-Asi   100.11  95.74  95.71  97.63  98.46  96.49  94.52  92.93  94.83  97.01  91.29  96.33  93.80  93.61  90.58  93.43  94.49  91.92  94.12  89.95  89.07  89.82  87.24  92.58  85.87  92.95  88.92  90.64  89.62  91.48  87.25  94.64  90.78  90.24  88.41  85.54  91.18  86.62  92.92  96.65  89.27  90.38  91.60  90.33  93.30  95.67  94.56  98.53  93.22  91.58  89.76  96.40  93.08  86.71  97.60  92.31  92.57  93.37  88.93 100.53  98.24  96.06  94.44  97.45  93.59  95.07  93.09  95.04  95.75  94.74  97.10  99.64  94.68  85.66  90.17  92.06  95.14  87.38  92.20  84.46  84.26  90.61  84.28  83.10  83.50    .00
JURAY{AuA.MUNDA|Austro-Asi    98.04  98.10  98.09  97.43  96.59  93.66  96.32  98.49  93.92  95.32  95.08  95.67  94.71  89.79  89.87  98.26  96.63  91.67  94.06  91.65  93.45  94.79  94.13  92.77  91.50  94.63  95.43  92.29  91.26  95.87  94.62  96.72  89.89  92.65  92.25  94.53  93.41  93.83  96.17  98.06  91.52  92.69  97.89  92.39  89.09  96.14  94.91  95.56  90.38  87.28  89.94  89.13  87.39  90.14  95.81  91.11  89.81  91.60  97.40  97.54  98.39  99.94  93.51  96.77  96.71  92.04  92.44  96.63 102.11  98.37  96.07  97.07  96.89  90.07  90.35  94.40  91.64  92.69  94.46  78.75  77.20  84.26  84.10  82.54  74.25  87.03    .00
KHARIA{AuA.MUNDA|Austro-As    97.89  95.19  93.10  91.57  94.73  90.38  95.79  91.64  91.82  95.03  88.73  94.34  92.71  91.04  92.71  92.50  90.46  93.47  91.94  93.35  91.95  96.15  98.12  94.46  93.98  97.09  98.66  93.90  94.34  97.54  97.75  97.30  93.58  94.87  96.26  97.34  96.10  96.41  98.27  98.79  90.34  92.03  93.23  95.20  95.45  96.31  92.83  98.15  94.70  95.86  92.93  95.78  91.13  92.58  91.07  93.14  94.15  95.57  95.30  97.26  95.39  98.84  95.60  94.33  95.13  95.84  94.75  95.10  96.13 101.78  93.32  95.43  93.24  90.92  94.12  95.78  94.34  95.14  97.30  83.26  81.81  85.73  86.33  84.68  81.79  74.08  72.55    .00
KODA{AuA.MUNDA|Austro-Asia    99.21  94.60  95.30  93.71  93.33  93.71  95.16  94.25  88.85  97.12  93.08  93.29  92.62  91.21  95.33  92.40  92.73  91.24  90.05  92.18  88.12  92.49  94.28  91.72  89.21  90.97  96.77  93.25  90.67  90.24  93.17  90.98  90.84  88.40  91.40  93.40  91.86  94.04  95.06  95.95  91.61  91.95  89.64  94.90  89.85  89.90  91.99  94.38  92.54  91.07  90.58  91.47  94.48  90.84  98.97  93.57  93.99  94.32  93.35  97.29  98.25  99.65  91.59  92.77  94.64  94.32  93.57  93.87  97.06  98.54  97.00  99.14  96.32  94.37  92.51  96.92  90.02  94.90  99.67  24.59  31.85  91.43  51.43  53.35  28.59  84.10  81.70  81.52    .00
KORKU{AuA.MUNDA|Austro-Asi    99.65  96.52  96.43  94.33  97.02  95.33  98.04  91.77  88.71  94.97  90.29  94.97  96.11  87.00  89.09  87.22  94.02  85.01  91.16  87.86  87.94  88.63  83.07  90.44  82.63  90.70  84.34  86.51  85.86  89.91  88.11  91.27  89.39  88.09  90.97  81.77  86.01  86.70  92.53  96.59  84.19  87.98  91.04  91.83  88.37  85.24  95.13  91.63  86.61  85.45  83.24  89.92  89.98  84.38  96.96  90.09  90.72  92.10  92.03  98.66  97.72  97.64  92.94  93.63  95.74  93.69  95.06  92.71  97.15  97.61  96.22  98.32  95.16  89.00  90.84  93.42  90.11  86.86  98.48  60.75  59.59  91.19  55.17  57.12  59.56  73.75  82.61  84.90  63.65    .00
MATINDOR_MAHALI{AuA.MUNDA|    97.81  95.38  95.76  92.60  94.82  96.56  95.98  93.18  88.10  98.68  92.01  91.26  91.97  89.35  93.45  91.20  93.58  90.39  92.50  90.11  87.24  87.78  93.25  85.62  85.43  90.13  95.88  89.45  86.66  88.96  92.74  89.91  85.41  84.04  84.81  91.91  88.90  92.92  92.18  97.46  88.18  88.61  91.57  93.60  85.40  89.40  91.86  93.05  86.51  86.12  84.51  90.00  89.61  86.19  99.46  92.98  93.35  95.20  93.38  97.34  99.44 100.19  92.53  92.47  93.38  92.49  92.27  92.61  96.45  97.70  93.36  99.91  96.06  93.26  92.63  97.16  88.95  91.01  99.68   7.83  12.93  92.42  46.96  44.35  15.55  83.47  79.85  85.80  24.42  59.99    .00
MUNDARI{AuA.MUNDA|Austro-A    97.01  97.57  98.10  93.75  96.54  97.13  97.48  92.75  89.55  98.31  93.18  96.01  94.61  89.14  91.10  92.28  92.02  87.64  92.34  91.67  88.78  92.10  93.25  90.58  86.15  91.53  95.25  91.32  90.43  92.01  92.99  92.58  90.61  89.80  91.26  92.32  89.80  93.86  93.97  93.81  91.75  88.68  93.03  90.37  87.71  89.12  94.69  95.67  88.46  86.36  88.59  92.55  88.59  86.92  95.55  90.24  92.42  94.02  92.66  95.47  96.78  97.01  92.00  96.96  96.61  94.27  93.97  90.17  94.27  97.61  92.99  97.97  93.94  92.51  92.95  94.37  85.46  91.67  97.16  38.79  42.99  92.02  29.73  28.92  37.19  81.79  80.55  83.11  46.66  50.49  42.41    .00
MUNDARI_2{AuA.MUNDA|Austro    96.21  97.56  98.26  93.91  96.95  98.00  97.94  93.26  87.99  98.20  93.63  95.58  93.73  89.48  89.26  91.11  91.83  86.55  91.64  90.43  89.24  92.21  91.24  90.68  84.92  91.76  93.29  92.18  91.68  93.34  90.94  94.07  90.67  91.98  93.08  90.31  89.83  91.86  94.04  94.40  90.19  88.47  93.01  91.77  87.74  88.44  94.60  95.94  87.70  85.70  88.37  91.94  88.33  86.04  95.03  89.31  92.16  92.69  91.45  95.86  95.91  95.53  92.92  96.21  97.54  92.89  92.70  90.07  94.74  98.42  92.83  99.24  93.30  91.91  92.27  93.84  83.61  91.06  94.46  39.74  42.83  90.93  30.43  27.69  38.17  80.44  80.61  82.18  47.92  48.53  43.49   4.96    .00
PACHONDOR_MAHALI{AuA.MUNDA    95.56  95.16  95.36  92.21  95.14  95.66  95.70  92.68  87.82  98.45  91.34  91.09  91.73  88.61  92.79  89.78  93.99  89.36  89.73  90.27  86.94  87.57  94.36  87.24  85.56  91.37  96.39  88.64  86.32  89.70  92.97  90.58  85.18  84.44  85.19  92.94  90.64  93.22  92.34  97.01  90.98  89.19  92.16  93.89  83.95  88.73  92.01  91.55  86.26  84.62  82.64  90.02  88.97  86.02  99.61  92.58  92.70  95.57  92.26  96.36  99.06  99.35  89.87  92.01  93.54  90.53  90.73  92.35  96.62  96.94  94.34  98.61  96.02  92.60  92.08  95.63  87.31  90.29  97.62   4.28   8.41  90.12  45.94  43.02   8.92  84.51  76.51  84.07  26.49  60.18   9.34  38.92  39.94    .00
PAHARPUR_SANTALI{AuA.MUNDA    93.47  93.00  94.36  91.90  92.82  96.80  94.44  92.17  88.98  97.06  90.44  92.36  93.04  88.43  92.57  90.66  90.99  91.79  89.37  88.73  87.05  87.93  90.99  86.63  84.27  92.47  94.66  90.05  87.99  89.13  90.88  90.70  84.63  84.87  84.77  90.00  88.70  91.15  92.48  95.33  88.88  88.13  91.92  92.96  84.31  89.40  90.66  92.65  86.54  85.66  85.24  90.92  87.82  83.93 100.25  93.02  93.77  96.49  90.95  97.44  97.83  98.32  89.37  90.90  92.92  91.58  90.61  92.03  98.15  98.07  92.45  99.22  97.53  91.20  93.51  96.49  89.12  91.06  98.29  12.44   8.48  93.26  46.09  43.77   8.42  82.88  79.81  82.15  30.61  61.25  16.98  37.82  38.78  11.14    .00
PATICHORA_SANTALI{AuA.MUND    95.09  95.04  94.70  91.89  94.13  96.87  95.07  93.52  89.71  97.84  92.11  93.52  94.19  90.37  94.34  92.06  93.90  90.78  90.78  90.15  88.61  88.72  89.45  87.42  85.26  92.01  93.49  90.22  87.98  90.48  88.91  91.26  86.06  85.56  86.25  88.81  89.69  89.13  92.62  96.47  87.86  88.56  94.48  94.78  85.00  89.57  91.94  91.89  87.44  86.33  84.67  91.47  89.27  86.23  99.23  93.81  93.73  96.50  91.18  97.79  98.99 100.38  90.34  92.11  93.65  91.52  91.73  92.03  97.61  98.07  93.73  98.87  97.40  91.96  92.91  96.30  88.24  91.14  98.83  11.06   8.48  92.13  48.12  45.82   8.43  83.16  79.15  82.23  33.72  62.69  15.92  39.50  40.50   8.64   8.74    .00
RAJARAMPUR_SANTALI{AuA.MUN    94.90  94.44  95.32  92.29  94.68  96.67  96.09  91.53  88.34  98.79  89.77  91.94  92.64  87.66  92.08  90.01  91.50  91.18  90.65  88.04  86.45  87.26  90.87  86.01  83.78  91.86  94.52  89.66  87.53  88.47  90.68  90.15  84.00  84.18  84.19  89.88  88.21  91.06  91.98  96.61  88.40  88.63  91.85  94.19  83.82  88.91  91.99  93.40  86.06  85.11  84.67  90.32  89.25  85.19  99.46  91.45  92.19  95.06  91.66  96.79  98.42  99.07  89.10  90.37  92.35  91.61  91.48  91.97  97.38  97.80  92.20  98.86  96.94  91.94  92.77  96.08  88.95  90.62  98.38  11.50   4.45  89.21  45.76  43.39   5.82  83.58  76.97  83.26  28.32  59.40  13.18  37.86  38.82   8.53   4.87   8.58    .00
RASHIDPUR_SANTALI{AuA.MUND    96.28  94.72  94.98  90.57  95.66  98.31  97.88  89.59  88.46  99.53  88.98  90.56  92.10  86.52  91.85  89.88  89.96  89.01  93.65  90.62  87.01  87.90  93.42  86.64  86.72  89.75  96.09  91.38  89.16  87.72  92.56  89.51  83.66  81.89  85.64  92.32  91.07  93.77  90.82  97.77  89.07  88.08  92.71  95.99  85.19  89.37  91.35  90.86  87.93  86.69  86.12  89.37  88.38  84.88 100.37  91.27  91.93  94.76  91.07  97.96  99.38  99.20  90.34  93.42  93.49  91.16  91.57  92.76  96.42  97.55  92.31  99.42  98.21  92.83  93.03  96.18  88.09  90.98  98.05  11.35   9.92  89.84  46.86  43.22   9.47  83.14  77.98  82.01  27.80  60.61  14.94  40.22  41.34  11.33   9.67  13.39   8.63    .00
RAUTNAGAR_SANTALI{AuA.MUND    96.78  95.29  94.66  91.28  94.16  96.75  96.10  91.73  88.35  98.73  90.33  91.51  92.22  87.71  92.83  90.07  92.45  90.48  91.46  88.21  86.65  86.60  90.81  85.32  84.22  91.25  94.93  89.11  86.75  88.61  90.14  89.65  84.04  83.41  84.22  90.15  87.91  90.86  91.62  96.70  87.85  88.78  92.07  94.28  83.00  88.29  91.91  92.68  85.30  84.41  83.92  90.25  88.63  85.52  99.54  91.68  91.70  94.68  91.94  96.54  98.18  99.61  88.67  90.49  92.31  91.03  91.18  91.44  97.03  98.41  93.62  99.37  97.28  92.15  92.22  95.57  88.19  90.11  97.90   8.65   2.54  89.32  45.32  41.85   6.25  82.89  77.26  82.06  27.54  60.21  10.40  38.69  39.70   6.08   4.36   5.13   1.74   7.93    .00
REMO{AuA.MUNDA|Austro-Asia    95.10  97.24  94.56  94.42  96.11  92.83  91.40  91.90  96.16  95.86  90.19  93.22  92.23  87.18  89.83  90.19  92.61  88.91  91.19  89.75  87.72  88.03  89.93  88.58  87.09  94.71  91.68  85.47  85.20  91.00  91.79  92.45  88.14  88.84  89.36  88.62  88.05  90.63  92.80  90.70  90.93  86.60  94.07  80.27  86.63  90.76  90.18  92.33  91.82  89.36  86.69  89.72  90.99  85.07  96.58  89.17  91.89  92.65  93.28  95.54  97.06  97.55  88.59  91.42  92.92  89.55  88.32  93.08  93.60  97.34  98.11  97.99  93.45  89.22  91.22  88.46  92.76  92.48  96.39  86.98  85.17  75.57  89.35  84.15  85.86  80.75  83.40  73.03  85.78  86.78  88.42  85.31  84.36  85.50  86.52  86.20  86.08  85.51  86.03    .00
SANTALI{AuA.MUNDA|Austro-A    99.01  96.44  94.82  93.08  95.03  94.82  97.20  92.72  87.09  96.97  91.63  93.35  92.32  88.38  87.89  89.98  94.12  86.84  92.49  85.72  83.45  89.02  89.26  87.64  81.86  90.40  93.77  91.21  89.32  90.51  88.50  91.06  87.81  87.07  87.27  88.67  89.12  89.41  92.86  98.28  85.53  88.20  93.00  92.82  87.21  91.01  93.08  94.97  86.71  85.81  85.25  89.63  88.61  86.69  95.31  88.55  90.26  90.20  92.06  96.48  98.40  96.71  92.41  92.80  93.29  92.13  93.83  92.87  93.17  98.56  93.52 100.64  96.36  88.76  89.00  94.49  85.26  88.90  96.55  30.68  27.13  90.80  49.34  47.25  26.24  81.21  79.24  81.25  42.25  57.95  30.41  38.69  39.23  29.49  27.77  25.98  26.19  30.34  21.90  86.06    .00
SAVARA{AuA.MUNDA|Austro-As    95.39  95.22  95.61  92.05  96.56  99.00  95.92  91.87  94.76  95.13  90.15  94.97  94.60  87.72  91.72  92.08  89.81  92.77  94.80  89.07  91.55  90.41  94.02  89.37  89.96  92.84  97.46  90.93  90.50  92.88  95.80  93.94  86.02  89.50  88.35  94.44  95.14  95.82  94.26  96.05  90.13  89.71  94.88  94.86  86.57  93.15  92.01  93.68  88.32  87.57  87.30  91.18  90.35  86.26  94.09  90.50  91.93  93.32  92.92  98.14  99.19  99.06  95.90  97.65  96.60  91.72  93.06  95.50  99.61  97.43  98.36  97.36 100.09  98.93  96.64  98.02 100.13  97.33  97.23  82.12  77.77  85.45  83.82  83.31  79.01  82.28  51.88  85.12  86.61  79.67  82.43  83.75  84.63  79.25  81.07  80.92  79.03  81.97  80.14  88.14  84.36    .00
SORA{AuA.MUNDA|Austro-Asia    95.72  93.80  94.87  96.44  93.95  94.77  93.01  94.10  94.33  94.62  92.40  97.45  97.01  89.74  90.82  92.18  92.33  90.59  93.63  91.43  94.77  92.83  94.42  90.03  94.20  95.55  98.53  91.56  91.06  94.56  96.96  95.57  89.31  92.58  90.93  94.72  94.32  96.63  94.75  99.09  91.34  88.99  95.26  95.24  90.33  95.90  92.24  93.46  91.25  91.90  90.87  92.91  90.95  91.22  96.22  90.71  93.77  94.45  94.05  98.17  99.56  99.22  96.35  96.16  97.28  92.83  93.66  94.48  96.89  97.74  98.40  98.00 101.62  95.25  96.74  96.26  96.25  96.20  95.41  81.44  78.66  85.56  85.26  83.10  78.20  87.98  36.51  79.44  86.03  83.31  83.52  82.78  83.45  79.15  81.13  80.67  79.04  80.33  79.88  87.55  83.79  34.59    .00
SORA_2{AuA.MUNDA|Austro-As    98.93  96.70  97.73  94.71  97.10  99.32  97.46  94.48  94.74  98.57  93.32  96.50  95.89  90.67  92.32  93.07  93.87  89.80  96.30  92.99  91.91  91.82  93.01  89.17  90.27  95.39  97.21  93.54  92.94  95.45  95.53  94.56  88.80  92.49  89.99  92.81  94.79  95.61  92.68  98.52  91.37  91.53  96.91  94.43  91.47  96.18  92.71  95.20  90.73  90.04  87.89  91.34  91.32  90.03  92.55  92.68  93.54  94.33  94.14  95.85  97.27  99.00  91.14  94.53  95.84  91.25  92.68  95.38  99.94  98.08  93.49  96.01  98.34  93.80  94.74  95.60  96.21  94.50  99.64  79.17  76.81  86.81  85.36  83.78  75.52  85.43  58.91  85.30  82.69  82.37  80.44  82.13  83.17  77.89  78.69  77.90  76.93  80.11  77.43  86.73  82.24  38.18  47.62    .00
AISHUO_WA{AuA.PALAUNG-KHMU    87.79  85.13  88.61  84.12  89.39  89.40  91.61  83.40  84.87  83.40  79.60  83.33  83.24  84.43  92.71  86.50  87.34  88.83  91.25  85.78  83.66  92.72  87.33  91.32  78.54  91.28  88.45  86.17  85.49  85.81  87.83  88.86  90.69  89.82  93.12  88.38  90.81  89.32  90.51  91.72  89.86  87.28  89.15  90.92  93.16  87.49  88.40  87.58  91.20  91.46  93.50  83.85  87.90  88.38  66.09  89.02  86.93  89.86  94.15  89.79  94.37  95.53  89.69  89.54  91.30  91.66  88.86  93.26  92.03  99.67  95.61  97.79  95.94  94.42  88.12  91.52  92.36  86.49  93.37  91.17  91.57 101.54  88.23  89.55  91.30  92.17  89.85  87.98  92.69  89.45  91.81  86.86  88.12  90.71  92.39  91.20  91.36  92.04  91.37  95.99  87.20  93.96  95.09  97.19    .00
AWALAI_WA{AuA.PALAUNG-KHMU    88.77  86.99  88.51  82.70  90.56  89.26  91.54  85.37  92.15  88.78  84.32  85.67  84.01  92.10  97.76  86.68  88.56  91.04  91.48  87.90  85.91  90.44  92.38  92.34  84.17  90.59  87.64  84.37  83.20  85.11  89.87  90.79  86.60  85.12  93.36  92.17  91.54  85.62  93.65  93.33  88.90  89.63  87.44  92.34  93.06  90.11  87.00  86.69  87.47  90.63  89.53  85.11  85.79  87.77  70.07  89.20  91.08  89.05  91.40  91.43  90.84  93.69  86.85  88.47  89.86  86.90  84.31  92.42  87.01  99.56  91.98  91.23  93.91  92.96  92.72  93.46  90.55  92.14  89.79  91.95  91.74  98.60  88.07  88.22  91.75  90.02  90.23  82.84  93.04  87.23  92.44  86.22  87.42  91.09  92.59  91.63  91.74  93.08  91.90  94.40  89.87  92.21  93.34  93.60  43.88    .00
BANHONG_WA{AuA.PALAUNG-KHM    85.34  85.22  86.72  83.22  88.70  88.59  92.52  85.01  83.35  84.64  81.76  83.87  83.13  84.40  91.93  87.77  87.13  88.47  89.80  86.48  84.90  94.87  90.05  93.31  79.86  92.77  90.81  84.24  84.32  87.27  93.14  91.27  91.16  90.20  94.69  91.39  88.66  89.78  93.51  95.65  89.11  86.67  88.47  94.10  94.00  90.98  90.14  88.82  93.67  94.52  92.50  87.01  88.82  92.72  63.83  90.49  89.61  91.91  94.64  90.46  93.08  95.86  90.26  88.04  89.14  91.07  87.45  93.38  86.95  99.04  95.15  96.27  93.26  93.85  90.92  93.36  89.18  87.77  89.39  92.67  93.21 103.13  87.69  89.91  92.83  91.94  90.52  85.36  92.24  90.91  93.25  87.20  88.59  92.34  93.92  92.76  92.87  94.83  92.97  97.21  87.87  97.60  94.99  97.68  14.46  32.66    .00
BIT{AuA.PALAUNG-KHMUIC|Aus    97.96  93.81 100.94  90.80  98.04  98.59  98.87  87.02  92.40  94.30  87.62  92.20  93.17  91.53  92.57  92.48  93.59  93.49  97.89  87.91  84.95  90.47  90.76  91.44  83.96  85.51  93.04  85.70  90.01  92.97  94.26  88.26  90.43  89.44  89.70  91.64  83.87  93.88  91.21  95.91  86.73  87.57  87.47  92.68  93.17  93.85  90.79  91.22  88.91  91.73  96.30  89.75  91.46  89.36  82.07  88.66  87.08  90.01  93.33  95.70  99.08  98.07  93.46  97.22  96.36  93.06  92.29  95.69  96.58  95.73  94.17  97.09  91.98  92.33  88.31  91.82  92.25  90.54  96.89  93.07  92.74  99.96  93.76  95.77  91.97  96.02  96.52  95.46  91.98  92.58  91.43  94.72  95.25  91.56  94.12  93.71  92.87  92.68  92.40  98.16  91.68  97.45  97.39  98.60  80.35  84.67  79.45    .00
BUMANG{AuA.PALAUNG-KHMUIC|    94.20  92.79  95.66  93.38  93.65  95.39  95.58  89.68  89.79  90.83  90.93  91.74  92.48  88.40  92.74  95.05  91.77  91.18  96.78  89.52  85.72  89.56  89.35  87.93  84.21  90.18  90.29  82.43  83.87  89.91  88.34  92.96  88.93  90.90  89.67  90.20  84.20  91.66  92.67  91.10  92.45  88.56  94.27  85.86  88.39  90.85  92.73  94.96  87.58  88.41  88.69  90.74  84.14  92.42  80.31  93.34  92.01  89.99  98.85  97.66  97.99  97.32  92.97  92.14  94.14  92.88  92.82  94.11  92.42  97.34  92.16  94.03  90.19  92.72  93.60  98.16  94.39  97.65 100.01  92.98  92.29 100.08  93.81  94.93  91.77  95.99  94.80  95.14  91.47  91.45  92.93  92.41  92.32  93.30  93.98  92.77  92.71  94.95  91.63  95.08  92.39  96.48  96.94  95.37  86.06  81.32  80.62  77.08    .00
DAMANGNUO_WA{AuA.PALAUNG-K    89.18  87.14  90.25  85.71  88.25  92.74  93.20  85.71  87.81  87.78  83.77  83.17  84.45  89.50  96.03  86.09  89.78  93.93  93.04  89.48  87.96  96.84  94.09  95.18  86.98  93.98  88.96  88.76  89.35  91.82  91.60  95.56  95.20  93.34  98.62  95.49  91.90  90.61  95.36  93.38  90.00  91.54  91.44  94.72  91.46  88.81  88.31  91.02  85.84  88.42  87.26  89.48  87.32  92.37  68.24  92.76  92.60  92.48  92.38  90.40  93.54  95.91  92.88  89.47  91.95  93.07  90.68  92.23  88.99  97.39  97.83  96.19  93.95  92.89  93.00  93.45  91.73  90.00  88.88  94.15  94.38 100.61  92.17  92.20  94.13  92.18  94.53  86.88  94.49  93.16  94.68  90.92  92.18  93.72  95.10  94.16  94.16  94.84  94.36  99.30  92.06  95.71  96.16  96.24  43.93  33.94  39.40  83.17  85.24    .00
DANAW{AuA.PALAUNG-KHMUIC|A    95.67  91.58  95.38  93.15  95.21 100.07  95.20  91.12  93.31  96.41  87.57  93.50  93.34  89.92  89.45  94.78  95.01  87.84  96.46  94.07  89.52  93.70 101.03  92.14  93.20  91.50 100.96  87.68  89.52  92.22 101.17  93.81  89.67  91.43  88.55  99.76  92.15  99.88  93.68  95.23  95.63  91.95  97.44  91.10  92.01  96.60  89.70  93.91  91.28  90.19  89.75  91.48  87.55  92.22  87.24  93.28  91.93  92.90  96.94  98.93 100.46 100.09 100.33  95.90  96.48 100.47  98.08  98.35  94.13  98.18  92.37  97.18  97.33  95.61  93.99  98.01  96.36  93.04 101.98  96.06  96.42 100.86  94.15  92.29  96.95  95.66  96.51  98.47 100.36  95.34  96.79  93.87  93.93  96.11  96.24  96.20  96.23  96.01  96.51  94.61  92.19  96.37  95.22  94.15  90.32  93.59  88.36  90.74  89.50  93.14    .00
DEANG{AuA.PALAUNG-KHMUIC|A    90.22  94.59  93.24  84.98  96.43  95.18  92.55  88.99  91.81  89.20  89.67  90.11  88.55  90.56  90.43  91.90  94.54  94.29  91.64  87.81  82.39  89.84  92.52  88.89  85.64  86.00  94.37  84.73  85.28  90.69  94.40  91.33  85.78  86.39  88.74  93.29  88.05  92.45  94.45  92.23  89.39  86.32  85.02  86.76  87.79  90.41  89.79  90.63  83.17  85.03  85.27  86.28  84.84  90.75  81.08  87.62  83.18  85.31  95.91  90.37  95.20  93.84  88.85  90.94  90.48  91.36  89.90  90.67  88.23  92.37  97.06 100.45  95.94  93.29  92.54  94.42  90.51  89.64  95.89  95.16  94.19 100.36  95.14  92.11  93.48  96.57  90.08  93.42  96.17  94.39  95.05  90.99  90.40  94.31  96.08  95.97  95.33  95.93  94.72  94.66  91.91  94.01  97.12  93.27  66.57  71.93  67.60  81.53  79.11  76.81  84.02    .00
DEANG_2{AuA.PALAUNG-KHMUIC    93.48  92.82  91.26  90.97  94.91  94.06  94.15  90.96  92.70  92.77  91.04  94.22  90.62  92.22  87.96  93.91  94.74  91.16  92.94  91.51  88.66  92.15  95.46  89.50  85.27  89.49  96.43  86.40  87.03  91.73  94.44  90.46  88.73  90.42  91.71  96.00  89.12  93.93  92.81  94.68  88.35  88.47  89.32  89.93  91.48  92.81  88.69  90.92  87.40  89.61  92.04  88.64  87.63  92.77  82.16  89.41  83.53  85.32  94.75  92.19  92.96  92.90  89.62  88.96  89.75  92.07  87.35  92.16  88.27  91.43  91.31  95.13  96.14  91.13  91.81  96.34  91.46  91.25  93.94  95.80  95.01 101.15  93.74  91.97  93.54  93.34  91.70  93.40  97.13  95.37  95.69  92.15  92.85  94.90  95.86  95.90  95.24  95.70  94.70  96.09  91.35  94.30  94.08  90.22  69.16  70.75  69.52  82.58  83.74  78.60  80.38  30.32    .00
GUANSHUANG_WA{AuA.PALAUNG-    81.76  80.41  85.90  82.38  87.09  89.16  86.18  87.61  87.16  81.34  83.91  84.90  82.15  85.05  90.51  87.22  87.91  87.10  89.90  87.84  83.48  94.22  91.40  94.23  86.75  92.25  92.46  87.60  87.09  91.17  93.66  92.61  92.53  92.88  94.48  91.10  91.39  89.47  92.42  94.29  92.26  90.64  90.91  91.67  92.88  89.74  87.22  88.40  92.21  93.20  89.77  88.34  85.70  90.35  60.25  94.30  90.00  92.83  98.03  93.36  95.95  94.83  93.85  89.37  88.73  89.50  87.03  89.73  88.26  98.44  94.22  98.46  93.51  90.57  90.55  90.53  90.36  93.08  93.57  94.15  94.56  99.39  91.75  93.35  94.11  88.79  91.40  84.76  94.83  90.80  94.84  90.79  90.65  94.05  93.60  93.02  94.25  94.32  94.20  92.62  89.89  96.02  92.34  97.38  37.09  54.73  33.73  87.11  84.73  55.88  86.94  75.72  78.21    .00
KHANG{AuA.PALAUNG-KHMUIC|A    93.46  91.51  93.88  86.46  94.47  96.00  93.89  91.58  95.51  90.89  92.34  94.36  92.86  95.54  98.15  96.05  94.70  95.93  92.98  94.94  95.08  90.51  92.53  90.16  87.04  89.65  91.54  87.31  87.31  91.74  92.43  92.00  90.04  91.24  91.09  92.92  90.78  90.20  94.06  94.52  96.75  88.74  91.37  92.61  88.63  90.79  92.19  92.31  88.51  88.26  92.93  92.06  88.20  91.19  85.55  97.26  94.02  93.49  95.49  93.17  90.88  93.44  88.09  88.34  91.74  88.52  88.26  92.73  94.89 100.02  94.20  97.63  92.20  93.43  93.32  96.53  93.93  90.94  96.73  89.82  87.10  98.72  95.29  92.90  88.50  94.16 100.05  96.63  91.75  92.20  89.78  93.21  92.79  89.27  87.73  88.06  88.43  91.76  88.26  96.59  91.64 101.23 101.09  99.40  89.95  90.11  88.06  73.74  67.16  86.80  94.87  85.28  84.00  89.49    .00
KHMU{AuA.PALAUNG-KHMUIC|Au    85.69  87.75  90.19  86.76  91.06  95.26  92.24  83.69  87.96  88.75  84.52  87.26  85.73  82.35  87.95  91.67  88.44  90.50  95.08  79.84  80.08  89.56  82.32  86.99  79.64  79.45  82.86  79.88  80.14  82.01  85.33  85.58  84.09  82.92  88.92  81.71  81.45  83.51  91.24  89.30  78.56  81.40  81.99  88.10  87.31  88.27  86.55  85.40  87.12  86.23  84.07  84.29  86.38  83.68  84.13  86.32  84.00  84.76  91.49  94.38  96.89  96.33  89.36  92.72  93.98  89.62  88.95  89.13  88.59  92.29  98.12  97.43  92.35  87.55  88.49  90.99  95.13  90.26  90.67  92.93  93.28  92.14  95.40  93.00  93.06  91.79  91.39  90.98  94.25  90.61  94.47  93.14  92.40  93.69  92.51  93.74  92.09  94.85  93.77  90.59  92.05  91.82  91.07  91.24  77.42  75.24  76.86  85.40  86.45  78.74  95.71  74.89  78.90  78.31  86.47    .00
KHMU_2{AuA.PALAUNG-KHMUIC|    82.52  84.25  88.19  76.37  86.08  92.17  91.42  79.81  86.31  83.68  77.97  82.16  79.45  85.31  86.73  85.26  83.86  87.29  92.64  80.64  78.10  88.33  87.45  86.50  82.14  82.18  86.74  82.42  83.21  85.45  89.66  86.98  83.12  85.01  89.14  86.88  82.86  87.68  89.21  89.71  80.56  85.28  81.72  87.67  91.82  88.43  85.66  87.16  85.71  86.02  88.43  81.86  83.75  83.78  77.26  89.98  85.53  86.66  91.78  91.70  94.38  93.60  89.84  86.91  85.73  86.45  80.26  84.51  88.49  96.49  93.51  96.76  91.05  90.53  89.79  89.23  90.16  89.07  91.60  92.34  90.84  97.08  93.90  91.99  91.43  91.44  90.34  85.21  94.01  86.43  93.14  92.71  91.88  91.55  90.96  92.14  90.48  92.84  92.15  91.90  91.87  89.54  90.28  89.54  67.54  66.83  65.48  82.60  88.71  71.29  90.02  79.11  82.76  70.07  87.58  38.82    .00
KSINMUL{AuA.PALAUNG-KHMUIC    86.53  84.73  92.42  91.86  90.53  88.46  84.87  82.99  88.49  84.06  86.58  89.88  87.48  88.51  93.42  92.17  92.87  95.38  84.60  92.96  89.21  92.87  83.42  94.59  85.61  88.12  82.16  88.15  87.03  83.63  85.02  88.16  88.06  86.64  93.71  84.63  85.82  81.63  92.14  92.48  85.17  89.82  83.26  89.83  90.26  88.84  88.72  89.47  86.36  86.99  91.06  90.01  84.33  88.64  92.29  90.48  91.86  91.55  93.02  96.53  96.89  91.44  86.98  92.08  93.91  86.96  87.65  89.78  93.18  99.01  99.98  98.89  93.47  95.33  95.25  94.76  91.62  96.06  97.40  94.87  94.51  94.02  94.39  92.96  94.84  92.25  95.34  91.60  94.42  90.81  93.49  95.04  93.68  94.84  93.89  95.24  95.27  95.16  94.86  95.03  93.61  91.21  92.11  93.81  86.06  89.10  85.28  80.91  86.83  85.47  98.08  90.43  93.16  86.66  85.29  73.79  78.48    .00
KSINMUL_2{AuA.PALAUNG-KHMU    88.57  86.10  91.72  89.69  88.08  87.95  85.87  84.70  90.75  84.79  86.76  88.86  84.42  88.03  89.26  89.89  91.06  95.91  85.47  92.24  88.99  89.31  82.28  90.57  84.72  87.18  84.05  86.61  84.27  79.19  87.51  84.29  83.68  82.03  89.60  83.48  83.72  83.83  88.30  90.86  83.95  88.49  80.93  89.27  87.66  88.74  86.17  89.56  86.35  85.69  87.47  88.99  82.72  85.90  91.95  93.21  93.26  93.92  94.49  96.40  95.98  90.03  87.90  92.56  92.88  87.03  86.00  89.45  92.69  97.50  99.55  98.88  92.29  92.65  93.97  93.69  90.33  94.60  95.96  95.65  95.35  93.96  95.07  93.70  95.65  92.20  96.17  90.87  94.80  91.01  94.25  95.73  94.54  95.66  94.73  96.06  96.09  96.05  95.71  95.01  94.30  91.78  92.78  93.88  85.84  89.02  84.63  80.31  86.86  85.43  98.11  89.68  92.68  86.44  84.48  73.14  77.60   6.64    .00
LAMPANGLAMET{AuA.PALAUNG-K    89.21  89.13  85.77  83.40  90.18  92.69  93.22  82.36  91.33  87.71  82.94  88.52  86.09  89.09  94.23  87.13  87.52  92.89  96.56  92.33  86.37  92.09  93.11  92.64  87.62  86.56  91.50  86.65  85.13  92.92  90.47  92.62  95.07  92.01  95.79  93.69  88.90  90.89  94.97  93.19  87.63  85.25  87.27  93.20  97.39  94.34  93.59  96.21  90.95  93.48  95.37  92.58  92.01  93.16  71.06  91.21  90.38  89.77  96.53  96.58 100.96  99.12  91.83  91.58  90.87  91.71  89.48  90.97  92.47  97.68  94.71  96.83  90.34  96.72  93.81  98.63  96.79  92.74  94.88  96.92  97.45 102.26  94.74  94.63  96.16  93.81  96.69  90.43  97.85  92.78  96.65  92.68  92.53  97.43  97.01  96.14  97.06  97.73  97.08  98.70  94.28  97.76  97.12  97.14  72.39  69.13  70.58  84.78  83.44  70.82  92.31  77.32  79.32  70.90  84.77  80.40  76.44  93.14  93.30    .00
LAWA_LA_UP{AuA.PALAUNG-KHM    87.84  91.36  84.48  84.85  88.08  84.85  85.49  88.73  91.45  88.14  88.21  86.18  82.59  84.91  91.15  86.51  90.20  88.54  88.36  84.34  82.63  84.77  86.50  85.71  82.73  90.42  89.44  81.86  82.98  82.37  88.61  87.53  85.01  84.74  87.77  85.87  87.89  85.54  89.93  90.24  84.06  86.68  90.47  86.75  88.04  86.96  86.74  89.18  82.25  83.69  84.00  85.76  85.11  85.16  74.19  92.93  89.76  90.74  90.32  90.81  95.67  91.66  85.38  86.24  87.60  86.74  83.67  90.71  88.79  96.16  96.49  94.44  96.71  89.77  88.60  86.04  89.61  91.02  89.75  95.19  93.69  96.69  93.27  94.40  93.67  92.27  93.92  87.95  97.16  87.96  96.98  91.06  91.04  95.13  93.81  92.67  93.78  96.96  93.87  86.40  92.43  92.67  93.85  94.02  58.04  54.18  52.14  89.04  86.25  59.81  89.50  77.59  80.62  55.51  88.54  82.52  75.03  89.04  89.01  71.86    .00
MAL{AuA.PALAUNG-KHMUIC|Aus    84.61  84.76  91.24  87.69  88.48  91.46  89.48  82.33  90.16  86.10  82.14  87.17  85.26  92.44  84.30  86.26  89.81  86.69  88.28  86.22  83.79  89.25  82.62  90.25  84.16  88.28  83.65  87.42  87.74  88.41  82.13  92.66  82.81  86.94  90.92  83.14  86.10  82.46  90.54  90.66  82.34  83.82  81.90  90.80  84.71  82.25  78.97  80.16  85.59  83.61  89.52  82.74  83.47  78.15  84.51  89.60  90.78  93.03  93.72  95.47  93.57  89.62  90.71  90.07  93.19  83.38  85.86  82.33  91.97  93.69  95.16  97.77  95.45  93.86  93.00  95.87  89.13  93.39  95.07  90.33  89.04  97.19  92.05  91.41  89.89  90.00  90.65  86.77  91.93  86.51  91.16  88.19  86.50  89.30  87.92  89.56  89.36  90.04  89.99  91.71  88.46  93.07  91.16  93.91  79.76  79.51  82.11  89.89  90.86  81.86  95.12  82.39  84.95  78.61  89.55  81.04  75.69  82.44  82.05  88.74  86.04    .00
MANG{AuA.PALAUNG-KHMUIC|Au    95.33  94.59  93.79  86.06  95.32  91.34  96.45  89.68  91.41  95.96  90.86  95.10  92.18  91.18  90.86  89.14  95.43  95.23  93.14  92.44  91.33  93.33  88.53  92.64  85.32  92.80  88.86  88.23  87.74  90.02  91.33  92.32  89.17  90.65  92.63  87.72  89.26  90.98  95.99  91.79  87.34  84.75  92.41  92.73  90.74  92.07  88.68  84.60  93.78  94.79  92.95  88.29  91.82  86.64  90.53  91.72  88.42  88.94  89.00  95.34  95.01  95.05  94.83  96.02  91.95  91.10  90.66  91.38  95.96  96.71  97.09  96.84  90.14  93.69  94.55  96.86  98.07  93.03 100.26  91.18  90.00  94.16  95.69  94.18  91.70  94.09  91.93  92.12  92.04  90.86  91.40  94.26  93.11  90.25  92.45  90.58  91.35  91.03  91.45  92.80  92.61  90.40  95.15  95.41  89.59  90.68  86.46  93.12  92.02  92.39  91.51  87.30  88.61  90.73  92.20  81.55  87.77  89.29  89.59  88.18  90.27  92.17    .00
MASAN_WA{AuA.PALAUNG-KHMUI    87.53  85.97  88.45  86.31  90.08  91.63  91.25  85.78  86.56  82.91  81.97  80.74  80.44  84.75  92.26  87.60  88.03  88.71  92.52  83.20  79.90  92.53  88.61  91.62  79.31  89.77  88.90  85.16  84.52  85.08  92.63  86.64  88.76  88.45  92.12  89.73  87.15  91.33  91.36  92.04  87.30  88.09  87.69  90.53  92.02  85.48  86.68  88.51  88.03  91.55  93.17  85.56  88.86  90.33  66.12  91.05  87.39  89.94  92.35  91.26  97.14  95.74  91.77  87.94  91.74  90.78  86.34  92.49  91.50 100.66  97.95  97.99  97.98  93.42  92.68  94.54  96.01  89.49  94.23  94.56  95.00 100.03  94.91  94.47  94.52  96.94  97.18  91.73  97.44  92.34  95.18  92.56  93.98  94.35  95.30  94.80  94.66  95.58  94.64  98.25  91.59  97.42  96.55  96.05  35.32  39.37  35.40  80.21  86.36  36.64  92.87  71.69  69.95  49.26  90.42  75.29  67.12  85.85  85.61  69.98  55.28  82.37  88.06    .00
MENGGONG_WA{AuA.PALAUNG-KH    91.19  87.66  91.09  83.72  90.08  89.34  88.60  88.54  91.69  84.30  84.88  82.36  84.06  88.31  96.99  87.48  86.89  93.46  93.86  86.42  84.77  96.78  88.26  94.48  85.01  93.69  88.97  92.46  92.42  88.84  90.33  91.84  93.73  92.12  96.93  88.07  92.68  90.40  95.43  94.42  91.06  89.50  88.14  93.89  94.71  91.97  87.74  89.42  88.32  90.84  90.01  86.01  84.87  88.96  63.73  90.18  87.73  90.16  92.05  89.85  96.60  94.87  93.07  90.55  86.32  90.51  87.53  93.40  96.63 103.56  96.77  98.22  95.16  91.54  91.58  91.79  93.19  91.93  94.04  93.78  93.88  98.53  92.72  93.38  93.67  89.75  90.72  87.53  94.00  91.74  94.53  91.11  92.41  93.34  93.88  93.16  93.81  94.49  93.75  97.91  90.66  96.41  94.90  98.55  45.41  52.80  46.41  83.59  85.10  45.27  92.72  77.33  79.18  55.64  89.34  79.09  71.12  87.61  87.40  75.07  67.00  80.98  85.87  48.23    .00
MLABRI{AuA.PALAUNG-KHMUIC|    90.54  87.89  89.23  85.94  89.32  93.81  90.20  84.49  88.95  92.39  84.99  92.20  90.18  91.42  89.74  90.95  87.88  89.54  96.96  82.33  82.17  89.26  88.31  88.30  88.21  86.58  85.78  87.55  87.95  87.59  89.76  90.63  84.07  85.97  90.41  88.47  86.72  87.04  92.75  93.44  87.92  88.67  85.26  90.73  87.51  85.95  86.10  87.21  85.44  85.38  89.42  87.16  86.28  85.57  90.67  94.74  91.44  91.35  94.59  90.80  94.16  94.57  91.32  89.68  90.37  88.15  84.36  86.12  92.87  98.43  91.45  94.79  93.25  94.48  93.09  94.40  90.43  92.91  95.90  91.74  91.20  94.80  92.81  91.96  91.01  91.70  98.96  85.25  94.88  89.60  93.08  91.35  90.55  92.04  88.92  91.79  90.97  92.36  92.07  97.19  94.58  94.37  93.74  93.28  84.68  83.32  84.98  92.58  92.61  86.00  92.07  88.67  86.52  83.94  87.97  81.78  72.75  86.73  87.22  86.94  91.23  76.39  91.23  84.58  88.32    .00
PALAUNG_UnnamedInSource{Au    94.23  92.64  91.52  91.42  95.62  95.71  91.64  95.23  96.35  91.88  94.95  95.62  94.20  93.84  92.03  94.59  98.38  97.07  96.41  89.24  87.38  89.39  91.15  91.69  87.62  88.31  94.42  88.16  88.20  90.59  92.11  91.52  92.44  92.32  93.30  90.23  88.40  92.54  91.23  93.79  88.14  88.54  91.08  88.93  91.90  94.80  89.20  94.70  90.53  90.62  91.06  89.31  89.79  88.60  84.54  88.76  84.52  87.09  97.42  93.43  93.52  93.81  94.11  94.73  91.56  95.60  90.96  91.83  95.17  96.57  92.16  99.77  93.14  96.85  95.56  97.37  93.06  98.79  96.71  96.39  95.22  99.81  97.26  95.65  93.24  95.40  94.57  98.07  95.18  95.10  95.45  93.16  93.66  96.18  96.13  96.46  95.56  96.02  95.20  97.60  94.37  96.11  97.93  96.70  71.10  76.61  74.70  85.78  84.35  82.83  86.93  58.46  49.93  76.41  89.61  82.54  84.87  95.46  95.46  81.45  79.12  86.09  92.23  73.56  79.00  90.60    .00
PLANG{AuA.PALAUNG-KHMUIC|A    91.28  88.35  91.94  91.54  95.90  99.22  95.44  86.32  92.05  86.74  85.05  90.76  88.84  88.16  91.69  90.52  91.80  92.48  96.41  82.55  84.97  91.45  87.52  88.55  85.21  86.50  93.17  81.17  82.88  87.48  94.11  92.79  88.85  90.45  87.65  87.09  86.90  90.47  93.28  93.27  83.12  85.77  89.38  88.01  89.92  90.62  87.59  89.65  86.90  88.98  87.54  86.85  86.32  86.28  77.45  90.92  88.63  90.62  93.61  96.95  99.49  97.45  89.65  89.51  94.18  93.10  92.67  85.93  90.07  97.60  99.23  98.87  92.20  90.21  90.74  94.91  92.82  90.76  97.10  95.11  93.49 101.34  96.73  95.29  94.63  92.80  95.85  93.13  95.13  92.19  95.51  95.82  95.29  94.75  92.94  92.79  93.47  96.54  94.32  97.16  93.56  93.64  94.96  92.61  65.95  68.23  62.28  87.68  83.78  73.38  85.75  73.07  74.84  62.09  83.30  80.37  82.84  88.71  88.02  78.25  69.54  85.21  89.90  68.81  74.06  84.71  73.65    .00
RUMAI{AuA.PALAUNG-KHMUIC|A    91.50  93.47  90.55  91.17  96.14  96.50  96.22  89.97  90.26  91.79  88.22  93.38  91.48  90.70  93.52  94.83  92.82  91.35  94.84  89.00  86.13  90.71  87.65  88.57  86.35  85.48  92.09  87.13  88.78  85.63  88.37  87.50  87.36  88.00  89.81  88.77  90.32  91.87  89.97  93.96  87.68  85.18  86.80  92.56  92.14  90.46  89.66  93.40  88.57  88.65  92.21  85.33  85.57  89.81  75.27  89.24  84.32  89.39  92.80  91.15  96.05  94.83  88.62  89.15  91.33  89.26  86.80  92.89  88.45  94.05  93.12  97.49  96.55  92.43  92.03  92.56  96.26  95.61  97.52  95.48  94.21  98.98  96.80  96.02  93.05  95.94  94.99  94.85  94.56  93.76  95.23  94.29  93.88  95.21  95.02  95.25  94.51  95.25  95.37  97.67  94.73  97.05  98.89  97.68  69.17  74.39  70.26  87.08  82.63  74.11  89.40  60.03  61.40  67.99  83.53  78.07  78.49  88.81  89.53  74.40  79.22  87.41  90.02  67.27  72.38  88.11  64.86  73.64    .00
U{AuA.PALAUNG-KHMUIC|Austr    98.32  94.87  96.57  92.92 100.21 104.20 100.66  92.53  91.48  97.38  90.85  97.40  96.71  92.51  90.10  97.88  96.36  96.41 104.24  88.91  89.74  98.63  87.33  94.73  83.65  90.42  88.06  89.84  91.03  95.44  92.30  95.05  94.87  95.94  95.85  87.54  92.17  89.48  96.42  93.39  87.60  83.54  92.12  90.80  93.07  95.74  88.01  94.29  93.33  92.33  93.62  90.49  94.23  89.82  77.21  88.80  83.16  80.44  90.96  97.06  96.32  96.02  97.90  99.28  96.68  97.33  93.68  94.64  95.01  97.55  94.09  94.02  94.26  90.17  90.59  93.43  94.36  93.69  95.92  97.95  97.57  98.18  96.87  97.08  97.01  93.92  92.29  95.94  98.80  94.36  97.92  96.12  95.20  97.86  97.92  97.42  98.07  98.93  98.72  95.50  98.51  93.16  93.13  94.23  82.26  86.64  81.22  81.38  86.91  87.85  88.78  78.42  77.89  83.64  83.01  74.28  82.95  92.40  91.56  81.71  83.59  85.82  87.06  83.99  88.10  89.08  76.42  77.98  79.22    .00
WA{AuA.PALAUNG-KHMUIC|Aust    90.06  91.07  85.66  84.76  91.59  89.26  93.58  88.03  89.72  84.73  84.14  87.85  86.64  87.62  89.77  84.17  90.11  89.65  89.44  86.33  83.62  88.48  89.40  90.33  85.12  88.80  92.07  84.94  85.45  89.93  88.69  91.04  89.55  89.10  89.84  88.93  91.54  89.44  91.94  92.76  92.42  86.93  86.62  87.22  91.71  89.60  84.37  87.49  90.55  90.89  88.82  86.96  88.84  88.24  71.42  90.85  88.92  91.83  94.23  90.66  94.75  97.42  89.19  88.36  88.93  87.97  88.46  93.89  92.20  96.86  94.00  99.21  94.56  90.63  90.97  90.75  92.44  87.57  92.69  93.06  94.28  98.30  92.94  93.52  93.86  91.87  90.95  89.65  94.15  89.27  94.06  91.62  92.10  92.69  93.74  92.20  93.86  94.75  93.41  92.12  89.39  97.66  95.77  96.15  24.59  46.20  26.78  88.31  87.82  51.24  88.11  65.77  75.01  34.61  91.59  83.63  75.72  93.51  93.10  76.79  53.72  82.06  88.45  45.75  50.32  92.46  71.12  63.14  74.09  85.28    .00
WA_3{AuA.PALAUNG-KHMUIC|Au    90.53  89.16  84.97  84.63  90.66  89.35  93.75  87.88  88.29  83.93  84.15  88.64  87.02  87.36  88.48  85.20  90.05  89.34  90.11  89.04  86.43  91.76  89.08  93.41  82.46  90.74  91.63  84.92  85.47  89.96  88.57  91.11  93.56  93.15  92.80  88.84  91.15  89.29  93.68  93.88  91.78  86.63  89.58  88.97  93.16  89.17  85.65  87.88  91.48  92.22  93.34  88.73  89.37  88.90  71.66  91.47  88.66  92.06  95.22  91.35  94.15  97.53  88.93  89.16  90.10  89.78  88.67  92.27  92.69  97.66  95.96  98.68  95.32  90.99  90.70  91.27  90.79  89.03  92.14  94.21  93.95  98.79  93.41  93.97  94.33  93.17  92.54  90.28  95.73  89.28  95.10  92.01  92.51  93.85  94.26  92.66  94.37  95.24  93.81  94.79  90.35  98.71  96.48  97.19  23.94  44.76  28.88  86.95  88.17  49.47  88.75  71.21  67.71  38.29  88.98  83.03  76.89  92.98  92.83  76.66  54.50  81.87  88.55  41.68  49.26  91.33  64.63  59.51  72.59  84.45  12.76    .00
WIANG_PA_PAO_LUA{AuA.PALAU    95.90  92.97  90.85  88.02  95.96  96.88  95.26  87.14  91.62  91.38  85.99  89.31  88.43  89.80  95.94  90.67  89.99  91.34  97.52  92.19  85.94  96.39  93.53  94.69  91.77  89.17  95.14  93.79  92.96  91.75  93.75  93.91  93.86  92.81  95.77  93.31  93.67  95.21  98.48  98.14  94.47  91.87  95.30  98.20  92.85  93.82  93.67  94.07  95.20  95.42  94.65  88.85  94.00  88.02  67.08  92.64  89.19  91.75  96.28  94.79 101.64  99.04  93.54  88.93  88.01  91.27  89.18  93.57  93.65  95.03  89.62  94.41  94.10  91.56  88.72  93.55  93.53  91.83  96.58  95.50  95.19  99.32  96.96  97.67  92.89  95.25  97.07  92.47  95.67  95.99  95.40  94.13  94.15  95.68  95.07  95.35  94.54  95.38  95.06 100.04  92.07  97.88  99.06  95.57  74.47  82.08  76.11  81.76  82.04  81.81  91.63  77.51  78.01  72.61  80.67  79.69  80.01  95.42  95.33  50.18  78.30  89.08  93.33  74.51  70.18  89.15  80.82  81.18  69.90  79.52  80.19  79.16    .00
XIYUN_WA{AuA.PALAUNG-KHMUI    87.88  88.77  88.65  85.21  89.10  92.55  90.24  87.11  89.81  84.47  83.63  83.64  82.62  87.12  95.75  86.80  88.48  91.53  94.73  84.54  81.75  93.65  86.83  91.26  78.70  90.60  86.64  85.87  84.96  86.33  88.89  87.83  88.96  88.28  93.57  86.44  90.05  88.91  93.05  93.60  87.57  86.50  88.97  94.13  93.67  88.49  85.79  88.10  86.28  88.23  88.81  85.77  84.56  89.83  60.78  91.85  89.09  88.80  95.84  91.01  96.00  96.59  90.01  85.26  88.58  89.17  86.44  90.28  88.87  97.16  94.87  95.76  95.64  88.97  89.63  88.98  91.63  87.73  95.31  94.75  95.14  99.49  94.79  94.90  94.69  93.67  90.79  83.63  96.87  95.30  95.53  92.56  93.23  94.39  95.39  94.24  94.66  95.47  94.69  97.96  93.10  98.14  95.33  97.27  49.91  51.69  50.15  86.27  86.42  43.96  86.22  74.42  75.53  51.81  91.69  76.33  66.69  85.27  84.82  66.70  59.14  81.74  89.23  41.29  48.75  82.45  76.92  71.12  67.32  82.83  54.11  53.11  71.13    .00
YANCHENG_WA{AuA.PALAUNG-KH    89.92  86.28  89.44  84.37  89.74  90.41  93.90  81.99  88.02  88.35  80.77  85.36  84.31  88.94  97.26  87.30  88.16  94.09  93.65  88.99  87.97  93.29  88.13  96.29  84.17  92.56  85.19  83.40  82.16  85.19  86.22  90.09  89.46  86.90  96.84  89.59  89.19  86.77  94.52  95.64  90.60  90.68  89.25  93.86  90.73  87.14  88.80  87.35  88.34  91.15  92.65  87.24  87.18  92.00  71.22  95.87  92.73  89.87  93.14  92.76  94.95  96.74  88.78  89.22  94.28  89.31  88.08  93.48  90.59 103.29  94.89  96.02  92.66  93.76  91.66  92.09  93.05  93.84  89.77  93.80  94.49  99.13  90.28  91.36  94.06  93.55  95.19  83.23  95.13  92.12  95.25  88.33  89.77  93.56  95.66  94.37  94.11  95.07  94.18  96.89  92.11  98.84  98.44  98.28  42.76  30.09  38.42  83.37  84.50  35.12  96.18  76.40  78.63  51.18  87.85  75.90  69.75  84.88  84.91  71.35  55.67  80.52  88.98  28.50  55.91  86.37  79.94  73.47  71.83  87.51  50.05  47.14  81.05  49.64    .00
ZHONGKE_WA{AuA.PALAUNG-KHM    89.26  86.89  91.84  86.77  93.08  91.43  93.48  85.74  88.16  87.43  82.75  82.47  83.67  88.40  96.45  88.21  89.02  91.99  94.79  87.86  84.70  95.01  88.39  94.66  80.89  91.88  89.98  87.06  87.36  85.94  92.16  89.65  87.54  87.32  96.53  89.52  89.43  90.92  93.68  94.65  89.77  88.52  88.32  94.30  94.78  88.13  91.37  93.09  89.23  92.70  92.73  90.73  89.49  92.65  68.87  90.63  87.97  91.54  90.38  91.83  96.23  96.96  91.21  88.59  91.58  89.00  84.96  92.61  88.96 102.18  97.19  96.69  96.20  94.53  91.17  92.59  94.05  90.50  91.74  90.81  91.77  99.51  89.69  88.93  91.44  93.00  97.58  86.57  94.81  90.94  92.15  86.67  88.04  91.08  93.22  91.73  91.61  93.26  91.62  95.94  89.69  96.75  95.46  95.83  35.84  36.41  29.29  80.80  85.45  39.44  93.14  73.60  70.51  48.39  89.19  75.51  65.82  85.01  84.72  70.36  56.43  80.94  88.40  17.18  48.97  82.99  75.38  68.91  69.99  85.32  47.65  43.83  76.23  48.08  23.29    .00
MALIENG{AuA.VIET-MUONG|Aus    90.72  91.04  88.78  91.49  90.02  94.83  88.83  87.48  91.22  93.33  86.26  89.00  90.17  91.71  86.63  89.76  95.53  86.48  91.94  82.52  84.01  81.30  82.07  81.76  82.52  80.42  83.89  80.22  79.51  79.93  84.93  81.53  80.41  79.53  81.05  82.18  84.10  85.09  81.55  90.51  85.46  83.92  85.91  86.79  80.92  86.38  79.79  89.55  86.08  82.87  77.42  78.48  82.97  78.87  90.32  94.62  89.51  93.66  97.33  97.02  95.77  94.72  88.38  90.16  92.23  91.78  87.81  87.11  91.77  90.89  91.17  95.95  94.87  89.04  89.85  90.46  91.54  88.26  95.77  89.68  90.23 100.11  93.99  92.59  88.36  90.54  94.06  92.16  93.69  92.51  90.48  91.67  90.43  89.37  89.80  89.72  89.85  89.70  88.54  91.52  89.48  91.29  94.58  94.16  85.88  87.68  86.12  92.39  97.67  88.24  97.12  89.67  92.74  85.06  97.56  83.89  87.14  88.39  84.52  95.09  90.82  89.23  89.33  87.23  88.36  88.46  87.44  88.92  86.68  88.91  89.40  89.96  88.66  84.09  88.79  88.07    .00
MUNG_KOI{AuA.VIET-MUONG|Au    93.14  93.70  91.53  91.30  89.86  93.61  90.83  88.18  89.99  90.71  87.06  89.29  87.47  88.22  84.74  87.36  88.54  88.47  93.76  86.07  83.86  85.01  83.32  81.55  81.06  78.95  86.62  84.44  81.97  76.75  87.18  79.73  78.08  76.43  83.50  83.55  82.55  85.29  82.64  87.44  84.58  78.66  83.63  87.19  87.71  84.64  80.22  82.68  86.66  85.15  80.96  78.91  84.81  76.77  89.85  94.00  91.67  94.62  93.49  95.45  95.97  93.78  86.26  92.43  92.81  89.29  88.65  90.98  90.72  89.49  98.72 101.40  97.91  87.06  87.91  89.02  89.75  88.59  93.34  92.36  92.39  91.69  97.39  96.79  92.98  95.18  89.49  97.15  92.46  92.38  92.74  95.97  95.03  92.17  94.38  93.48  92.95  91.18  92.51  93.42  93.30  87.30  89.49  91.20  84.95  85.31  86.46  89.53  92.82  87.89  95.20  85.93  87.63  85.17  92.94  79.99  85.98  91.40  87.42  89.54  88.59  89.32  90.73  85.82  87.38  91.06  91.07  89.26  87.31  86.52  88.73  88.33  89.73  85.38  88.22  86.49  68.65    .00
RUC{AuA.VIET-MUONG|Austro-    92.77  95.46  93.74  92.97  90.46  95.43  91.34  88.71  88.26  91.77  89.26  88.42  89.33  87.89  86.62  89.78  95.43  87.64  92.28  83.69  89.42  88.58  87.07  88.95  78.95  83.24  88.59  79.13  81.56  89.78  88.31  92.67  86.29  86.39  88.65  87.96  81.87  85.74  91.66  90.52  81.71  82.43  90.14  88.26  82.05  85.59  87.16  88.44  86.89  84.45  78.85  84.98  83.55  82.24  89.96  94.02  89.06  93.42  96.60  98.34 101.00  99.32  91.37  94.93  94.99  94.85  93.19  88.02  88.76  94.86  90.98  92.84  97.03  91.54  89.57  92.27  93.26  88.19  95.03  87.31  85.27  99.73  91.90  90.25  86.24  94.70  87.55  92.27  90.45  88.48  88.41  89.16  88.18  86.78  86.27  86.08  85.57  89.11  85.01  93.20  84.30  90.03  89.82  90.29  85.74  84.44  84.85  88.66  93.17  87.30  94.60  85.33  88.58  88.38  93.81  86.94  87.31  93.29  91.34  87.04  87.65  90.10  89.80  89.04  90.39  94.42  91.45  88.89  93.78  86.58  88.40  88.77  90.98  86.68  88.03  89.74  51.29  71.44    .00
RUC_2{AuA.VIET-MUONG|Austr    91.00  93.08  92.12  89.23  87.03  92.55  89.20  88.76  86.07  90.34  89.11  89.32  85.41  86.36  81.06  88.12  93.50  84.89  91.94  80.56  87.34  81.22  83.86  83.24  79.32  81.97  85.27  79.17  76.68  83.40  85.09  86.32  78.15  78.35  83.04  84.68  82.42  82.37  87.79  90.20  83.93  79.84  87.13  88.84  79.41  87.14  81.77  85.73  85.68  80.16  76.26  80.75  80.64  79.82  90.53  92.39  86.79  92.53  92.78  97.21  98.69 100.08  91.30  92.49  93.16  93.04  88.93  86.81  87.35  93.51  90.02  94.42  96.27  87.61  87.37  89.64  88.47  86.69  92.48  87.79  85.69  98.10  91.14  89.98  86.56  93.83  88.86  92.34  89.85  90.93  88.81  90.34  89.11  87.31  86.80  86.57  86.08  89.45  85.47  91.98  85.74  92.44  90.39  91.61  87.64  87.65  87.21  89.55  93.55  88.98  94.77  83.53  87.36  90.17  94.20  83.78  84.46  92.46  89.34  88.62  90.49  89.29  87.95  90.38  92.13  90.64  90.77  90.42  93.77  85.59  90.79  91.12  90.87  88.33  90.75  93.11  51.85  70.13  20.74    .00
THAVUNG_SO{AuA.VIET-MUONG|    95.38  99.40  94.26  93.12  91.79  97.64  96.75  90.95  93.15  97.92  91.75  90.02  87.13  93.01  86.79  97.15  89.32  93.14  95.04  85.18  87.17  84.02  81.71  83.11  79.81  87.04  82.78  76.73  74.54  81.39  86.77  84.63  81.53  80.46  82.85  82.78  82.76  80.55  85.23  89.39  85.58  85.37  86.48  89.56  84.01  83.85  88.09  88.57  85.51  82.43  83.26  90.85  79.22  84.36  87.21  92.70  93.01  92.41  98.31  99.83  98.76  97.93  92.99  93.15  94.51  95.94  95.21  89.06  92.54  94.56  95.40  96.56  89.97  85.74  88.68  90.17  86.33  89.19  95.60  86.39  86.10  98.48  87.22  89.13  86.03  91.06  91.97  92.20  90.01  86.91  87.47  88.71  89.05  84.87  87.37  86.20  86.24  85.08  85.47  92.88  93.58  94.22  94.05  93.13  90.37  92.53  89.76  94.31  87.11  91.04  94.65  90.37  95.15  88.17  89.71  88.02  90.58  95.26  91.99  93.66  94.84  93.99  93.24  93.36  94.26  94.43  96.87  88.57  92.28  89.69  91.83  93.49  95.95  90.76  91.47  91.69  76.18  77.59  73.20  71.96    .00
VIETNAMESE{AuA.VIET-MUONG|    93.53  93.78  95.74  91.75  94.27  96.18  93.46  88.54  88.08  92.78  88.08  89.89  88.62  86.65  88.06  94.03  92.74  89.34  92.87  85.02  87.02  90.08  87.69  85.18  82.73  83.52  89.92  86.27  87.19  82.51  90.43  85.77  83.84  85.80  86.36  88.08  87.77  89.86  92.47  91.82  86.48  82.01  80.81  89.26  86.67  88.96  87.80  91.50  88.87  90.23  84.78  88.42  89.85  91.19  89.88  90.37  88.09  93.34  94.68  95.55  96.69  96.72  90.60  91.83  91.26  90.91  90.28  93.78  92.20  92.40  99.43 101.20  91.35  91.78  92.29  93.30  95.88  89.91  94.65  90.79  89.83  92.12  95.19  92.59  91.13  92.88  96.37  92.94  92.14  91.48  91.13  94.45  93.51  90.37  91.48  91.69  90.76  89.50  90.57  97.18  90.37  97.19  97.87  98.99  84.67  85.24  84.19  87.76  90.94  87.84  91.62  84.10  83.43  84.05  91.74  80.31  83.61  91.68  90.11  91.50  93.48  91.17  86.51  85.10  85.58  92.26  92.21  90.77  85.08  88.53  88.59  88.03  92.12  84.31  86.72  85.11  79.53  65.70  81.62  79.51  87.50    .00
VIETNAMESE_2{AuA.VIET-MUON    94.06  92.61  95.75  93.60  93.83  96.73  94.22  91.15  91.95  94.06  90.11  91.68  91.33  91.40  91.49  94.94  93.68  91.43  92.82  88.96  91.48  86.97  88.52  83.77  87.45  84.46  91.55  88.16  87.82  84.38  92.91  86.06  87.10  87.31  85.92  89.58  91.31  92.00  90.68  92.42  86.21  84.51  84.49  92.98  86.39  89.73  84.87  90.99  89.84  89.37  86.05  86.63  87.69  88.39  91.86  90.57  87.09  92.88  94.23  93.00  96.67  94.67  90.08  91.23  89.59  90.99  90.31  95.66  93.86  94.57  99.03 102.28  90.63  91.53  92.11  93.67  98.52  87.70  98.89  93.10  91.86  92.46  97.30  93.43  93.21  93.01  96.69  91.01  92.98  91.12  93.39  95.48  94.70  92.82  93.78  93.91  93.03  91.23  92.69  96.10  95.27  96.18  99.23 100.18  85.99  86.77  88.99  90.97  94.60  88.37  93.21  84.78  85.94  87.76  93.99  80.43  84.50  92.26  90.54  94.18  95.53  91.31  89.18  86.80  86.23  91.45  91.34  91.71  82.76  88.93  88.88  88.48  92.94  85.26  87.75  87.47  81.40  68.30  86.28  85.20  88.37  25.43       .00
VIETNAMESE_3{AuA.VIET-MUON    93.22  93.34  96.00  92.31  95.52  95.92  93.26  91.08  93.84  92.68  90.40  93.04  91.99  91.77  92.44  95.07  94.81  92.57  91.91  90.05  92.43  87.86  88.18  83.43  86.17  85.20  94.48  87.69  88.02  85.38  91.59  86.13  89.54  89.68  87.40  89.61  94.52  94.28  90.30  92.94  88.38  83.30  85.51  94.18  89.17  92.13  84.29  93.34  92.27  93.38  90.55  88.16  89.80  90.11  92.52  91.99  89.98  95.38  94.52  93.90  96.46  94.56  90.70  90.88  89.89  89.58  87.78  93.86  93.74  93.33  99.24 102.41  93.43  90.31  90.52  93.21  99.01  88.14  97.93  93.07  92.58  94.76  97.95  95.53  92.92  94.47  98.21  93.11  93.99  92.74  92.51  93.93  93.15  92.75  91.96  91.14  92.33  91.41  91.71  97.77  93.13  97.29  97.97  99.04  84.90  86.37  86.62  91.46  95.54  89.71  93.34  85.27  85.69  86.65  93.96  81.85  85.87  93.53  91.82  92.55  94.55  90.98  88.40  87.31  85.71  94.02  92.63  92.03  83.33  90.37  87.57  87.13  92.88  85.11  87.96  87.24  81.32  72.73  84.39  85.60  92.38  30.99     20.86    .00

LDND                          BATEK  BATEK  CEQ_W  JAH_H  JAHAI  KENSI  KINTA  LANOH  MAH_M  MINTI  SABUM  SEMAI  SEMAI  SEMAQ  SEMEL  SEMNA  TEMIA  TEMOQ  TONGA  BAHNA  BAHNA  BRAO{  BUNOR  CHENG  CHRAU  CUA{A  GAR{A  JEH{A  JEH_2  JRU{A  KUAN{  LOVEN  NHAHE  NHAHE  OI{Au  PREH{  RENGA  ROLOM  SAPUA  SEDAN  SRE{A  STIEN  TAMPU  TODRA  BRU{A  BRU_W  KATU{  KATU_  KUI_T  KUI_T  KUY{A  NGE{A  NYEU{  PACOH  KEMIE  KHASI  KHASI  PNAR_  WAR_J  KHMER  KHMER  SURIN  MON{A  MON_2  MON_N  NYAKU  NYAKU  CAR{A  NANCA  TERES  BUGAN  BUGAN  PALIU  CHONG  KASON  PEAR{  PEAR_  SAMRE  SAOCH  ABIRP  BODOB  GATA{  HO{Au  HO_2{  JABRI  JUANG  JURAY  KHARI  KODA{  KORKU  MATIN  MUNDA  MUNDA  PACHO  PAHAR  PATIC  RAJAR  RASHI  RAUTN  REMO{  SANTA  SAVAR  SORA{  SORA_  AISHU  AWALA  BANHO  BIT{A  BUMAN  DAMAN  DANAW  DEANG  DEANG  GUANS  KHANG  KHMU{  KHMU_  KSINM  KSINM  LAMPA  LAWA_  MAL{A  MANG{  MASAN  MENGG  MLABR  PALAU  PLANG  RUMAI  U{AuA  WA{Au  WA_3{  WIANG  XIYUN  YANCH  ZHONG  MALIE  MUNG_  RUC{A  RUC_2  THAVU  VIETN     VIETN  VIETN
Stop - Program terminated.

