2 SYNONYMS, AT LEAST 28 WORDS, DATE > 1700
LOANWORDS EXCLUDED

LDND                          AKAJI  AZA_I  FUKUS  HATER  HIGA_  IZENA  JAPAN  JAPAN  JAPAN  KABIR  KAMIK  KOHAM  KOMI_  KUNIN  KUROS  MIYAK  NAHA{  NISHI  NORTH  SANI_  SHURI  TAKAR  TAKET  TOKUW  TOKYO  UEHAR  YAEYA  YAMAZ  YONAG  YONAM  YORON

AKAJIMA_OKINAWAN{Jap.JAPAN      .00
AZA_IRABU_MIYAKO{Jap.JAPAN    63.92    .00
FUKUSATO_MIYAKO{Jap.JAPANE    64.36  25.22    .00
HATERUMA_YAEYAMA{Jap.JAPAN    63.29  53.84  57.92    .00
HIGA_OKINAWAN{Jap.JAPANESE    22.58  61.24  62.09  62.56    .00
IZENA_KUNIGAMI{Jap.JAPANES    38.68  59.03  60.29  59.96  31.62    .00
JAPANESE{Jap.JAPANESE|Japo    59.01  70.32  74.80  76.09  64.11  72.38    .00
JAPANESE_2{Jap.JAPANESE|Ja    58.94  74.21  78.54  73.66  65.10  71.96  36.96    .00
JAPANESE_KYOTO{Jap.JAPANES    52.99  65.97  70.34  66.70  54.13  64.87  31.82  26.91    .00
KABIRA_YAEYAMA{Jap.JAPANES    62.55  38.76  38.30  44.57  57.95  57.83  73.16  73.14  65.07    .00
KAMIKATETSU_KIKAI{Jap.JAPA    40.54  59.20  59.09  62.42  32.66  44.63  66.17  66.10  56.20  60.30    .00
KOHAMA_YAEYAMA{Jap.JAPANES    61.81  46.94  49.43  45.78  59.73  58.82  69.92  68.32  62.47  37.58  60.39    .00
KOMI_YAEYAMA{Jap.JAPANESE|    58.97  49.27  51.09  40.96  53.38  56.69  67.86  65.24  57.14  35.57  52.70  37.30    .00
KUNINAKA_MIYAKO{Jap.JAPANE    65.07  21.21  27.72  50.55  61.70  59.53  70.83  73.44  66.90  35.64  59.47  51.06  49.26    .00
KUROSHIMA_YAEYAMA{Jap.JAPA    47.34  54.38  55.80  54.92  45.35  47.90  69.63  65.82  62.43  42.09  55.57  52.82  46.71  50.26    .00
MIYAKO{Jap.JAPANESE|Japoni    63.25  27.27  19.30  54.25  62.12  60.79  73.70  74.76  67.66  36.33  59.17  48.89  49.41  26.36  54.14    .00
NAHA{Jap.JAPANESE|Japonic,    44.36  58.80  62.53  65.66  43.85  51.84  65.33  66.94  55.74  57.64  52.49  56.49  58.84  60.79  57.10  58.48    .00
NISHIHARA_MIYAKO{Jap.JAPAN    62.35  28.98  33.72  57.65  60.00  61.93  67.00  69.12  61.59  43.91  58.69  53.21  53.56  30.13  54.81  32.20  53.79    .00
NORTHERN_AMAMI_OSHIMA{Jap.    58.95  66.33  67.36  69.22  58.57  61.59  70.45  67.92  57.69  70.01  55.77  70.25  68.60  61.38  68.56  67.04  56.54  66.34    .00
SANI_AMAMI{Jap.JAPANESE|Ja    51.24  66.92  69.01  67.43  50.64  47.77  72.52  70.97  65.98  65.60  47.57  67.44  66.11  67.28  56.00  68.11  62.09  70.05  54.01    .00
SHURI{Jap.JAPANESE|Japonic    46.53  62.84  65.45  68.79  47.46  51.22  70.15  71.60  62.57  60.54  56.44  61.71  61.16  64.53  57.57  61.88  11.93  56.68  60.79  66.42    .00
TAKARAJIMA_JAPANESE{Jap.JA    46.03  69.32  69.88  75.14  49.30  61.42  35.15  39.82  33.78  64.84  54.31  68.26  58.48  69.45  56.32  69.71  62.68  63.59  64.57  67.82  66.12    .00
TAKETOMI_YAEYAMA{Jap.JAPAN    43.64  56.18  59.32  57.03  45.34  45.57  67.64  64.40  61.21  48.41  55.30  49.12  50.33  55.04  31.87  57.27  54.30  53.31  68.48  55.59  54.55  56.78    .00
TOKUWASE{Jap.JAPANESE|Japo    39.84  62.14  62.89  58.32  44.35  46.43  68.11  68.11  59.69  58.25  46.19  60.56  59.27  65.36  55.25  62.18  54.16  59.11  52.61  34.76  56.55  57.73  53.49    .00
TOKYO_JAPANESE{Jap.JAPANES    60.82  67.84  72.90  68.20  63.52  72.45  34.27  29.18  17.38  67.93  63.99  63.80  59.12  67.65  68.19  70.39  56.80  66.29  59.88  71.74  64.62  39.85  64.58  65.11    .00
UEHARA_YAEYAMA{Jap.JAPANES    43.16  49.37  49.76  54.24  44.67  41.95  62.14  60.52  56.21  39.87  53.86  44.10  45.29  46.98  25.28  48.12  50.81  48.13  66.57  57.70  50.32  61.13  28.10  53.15  62.33    .00
YAEYAMA{Jap.JAPANESE|Japon    58.69  41.63  42.76  50.86  58.59  61.83  71.16  70.96  63.63  29.80  60.26  34.25  35.65  45.41  48.49  42.48  59.77  47.11  67.09  68.78  61.74  64.53  47.55  56.99  65.72  39.91    .00
YAMAZATO_OKINAWAN{Jap.JAPA    25.26  58.01  59.98  58.95  24.34  38.78  61.42  60.53  54.13  57.39  40.65  56.99  54.22  59.58  40.56  59.29  41.95  55.11  60.80  60.71  43.31  55.91  43.61  49.55  63.31  34.84  54.88    .00
YONAGUNI{Jap.JAPANESE|Japo    54.10  67.44  69.02  65.99  52.72  56.48  74.32  71.55  65.99  61.20  58.80  61.37  59.56  71.32  57.42  68.73  56.09  61.54  73.35  68.20  57.56  66.66  53.61  56.58  70.90  51.86  62.73  52.98    .00
YONAMINE{Jap.JAPANESE|Japo    50.01  52.45  56.34  55.69  43.45  47.09  69.59  72.63  58.65  48.92  45.10  53.81  48.39  51.81  47.69  53.31  34.32  53.35  60.02  54.57  39.23  64.86  50.99  56.10  62.67  45.56  54.99  40.96  56.35    .00
YORON{Jap.JAPANESE|Japonic    44.67  60.61  61.89  56.42  41.88  30.97  71.66  70.74  65.10  54.47  47.19  56.16  53.72  57.91  44.74  61.69  54.30  61.16  62.10  43.75  54.68  64.96  43.54  46.38  71.96  39.75  59.28  37.85  55.64  46.92    .00

LDND                          AKAJI  AZA_I  FUKUS  HATER  HIGA_  IZENA  JAPAN  JAPAN  JAPAN  KABIR  KAMIK  KOHAM  KOMI_  KUNIN  KUROS  MIYAK  NAHA{  NISHI  NORTH  SANI_  SHURI  TAKAR  TAKET  TOKUW  TOKYO  UEHAR  YAEYA  YAMAZ  YONAG  YONAM  YORON
Stop - Program terminated.

