2 SYNONYMS, AT LEAST 28 WORDS, DATE > 1700
LOANWORDS EXCLUDED

LDND                          BAODI  LI_BA  LI_TO  BAHA_  BUYAN  CA_HA  CUN{T  ECUN_  GELAO  GELAO  GELAO  GREEN  HONGF  JINCH  JINXI  JUDU_  LACHI  LAKKJ  LANGJ  MULAO  NA_KH  NIUPO  PAHA{  PHO_B  PUBIA  WHITE  YERON  ZHENF  BLACK  DEHON  DEHON  DONGM  DONGY  FANGC  FUSUI  GUIGA  HAWYI  JINGH  JINGH  JINPI  KAM{T  KAM_Z  KHORA  LAIBI  LALIU  LALIU  LAMPA  LAO{T  LAOTI  LIANS  LINCH  LONGA  LONGZ  LU{TK  LUE_C  LUE_M  LUNG_  LUNG_  LUOCH  LVCHU  MAGUA  MAK{T  MANGS  MAONA  MENGL  MULAO  NINGM  NORTH  NUNG{  ONG_B  PO_AI  QINZH  SAEK{  SAEK_  SAEK_  SANDO  SHAN_  SHAN_  SHAN_  SHANG  SHANG  SHUIQ  SIAME  SIAME  SONGK  SOUTH  SUI{T  TAI_C  TAI_D  TAI_K  TAI_L  TAI_L  TAI_L  TAI_N  TAI_N  TAI_P  TAI_P  TAI_W  TAI_W  TAIYA  TAIYA  TAY{T  TEN_2  THAI{  THAI_  THAI_  TIANZ  WANGM  WHITE  WHITE  WHITE  WU_MI  WUDIN  WUMIN  WUMIN  XIANA  YANG{  YAY{T  YAY_2  YONGN  YUANJ  YUANY  ZHANG  ZHUAN  ZHUAN

BAODING_HLAI{TK.HLAI|Tai-K      .00
LI_BAODING{TK.HLAI|Tai-Kad    23.69    .00
LI_TONGSHI{TK.HLAI|Tai-Kad    39.70  22.13    .00
BAHA_BUYANG{TK.KADAI|Tai-K    93.29  89.73  93.49    .00
BUYANG{TK.KADAI|Tai-Kadai,    92.51  90.10  95.03  79.25    .00
CA_HA_GELAO{TK.KADAI|Tai-K    95.35  95.74  95.50  96.57  94.05    .00
CUN{TK.KADAI|Tai-Kadai,Kra    68.89  67.68  67.42  93.15  95.94  98.34    .00
ECUN_BAHA_BUYANG{TK.KADAI|    88.66  84.86  91.69  74.41  55.14  98.09  95.88    .00
GELAO_LAOZHAI{TK.KADAI|Tai    91.52  94.18  94.33  93.53  93.64  65.30  95.70  91.45    .00
GELAO_QIAOSHANG{TK.KADAI|T    98.02  96.33  96.36  94.61  96.86  83.21 101.93  98.60  55.06    .00
GELAO_WANZI{TK.KADAI|Tai-K    89.23  93.99  96.96  94.60  94.96  80.16  98.91  98.12  53.81  57.01    .00
GREEN_GELAO{TK.KADAI|Tai-K    92.08  95.04  98.17  98.09  93.48  89.00  97.34  95.12  66.83  68.40  29.79    .00
HONGFENG_GELAO{TK.KADAI|Ta    95.60  98.36 100.40  97.93  95.10  96.86 100.93  92.94  94.12  96.63  96.43  94.37    .00
JINCHANG_WHITE_LACHI{TK.KA    97.11  98.73  98.58  97.38  95.72  93.02  97.00  93.45  88.31 100.14  90.81  91.40  92.20    .00
JINXIU_LAKKIA{TK.KADAI|Tai    93.29  93.22  90.96  92.97  87.98  88.50  94.81  89.84  84.73  86.61  86.55  96.60  99.28  95.44    .00
JUDU_GELAO{TK.KADAI|Tai-Ka   100.26 100.98 100.80  87.37  89.49  87.88 103.33  91.01  79.59  86.50  83.97  85.12  93.33  95.02  95.69    .00
LACHI{TK.KADAI|Tai-Kadai,K    97.18  97.32  97.76  91.11  96.40  95.14  92.71  95.89  89.52  97.95  91.81  91.41  96.16  60.83  92.55  95.02    .00
LAKKJA{TK.KADAI|Tai-Kadai,    96.19  96.78  94.80  95.55  94.61  90.12  94.86  92.44  83.63  86.97  89.57  98.00  95.65  97.58  19.54  95.66  92.84    .00
LANGJIA_BUYANG{TK.KADAI|Ta    90.46  85.96  91.14  79.82  14.76  92.41  95.59  57.67  91.71  94.06  94.31  92.39  94.44  94.18  90.35  89.56  97.30  94.60    .00
MULAO_KADAI{TK.KADAI|Tai-K   100.57 101.16 101.25  93.54  95.53  94.82  96.16  99.14  92.54  91.52  92.56  92.01  94.80  88.70  99.17  97.33 100.42 100.35  95.48    .00
NA_KHE_GELAO{TK.KADAI|Tai-    95.07  94.59  94.40  93.78  96.07  87.91  93.90  97.33  86.31  87.98  90.39  91.68  89.67  90.72  97.40  93.63  94.49  94.83  95.95  95.80    .00
NIUPO_GELAO{TK.KADAI|Tai-K   101.72 104.41 103.25  90.61  90.96  89.89 101.29  86.98  79.45  89.84  82.32  80.93  88.55  88.85  95.66  53.40  92.17  94.68  93.53  97.23  96.51    .00
PAHA{TK.KADAI|Tai-Kadai,Kr    87.24  83.95  88.79  39.35  68.48  92.07  98.75  68.58  84.78  87.07  87.49  88.76  92.88  93.57  85.16  83.27  94.31  93.60  71.13  92.67  90.34  87.58    .00
PHO_BANG_GELAO{TK.KADAI|Ta    95.66  97.45  97.50  96.21  94.06  32.98  98.58  95.52  62.52  85.45  80.63  88.69  96.66  90.99  89.89  83.29  94.74  91.59  92.73  93.69  86.79  86.69  90.61    .00
PUBIAO{TK.KADAI|Tai-Kadai,    88.95  85.98  88.58  83.29  78.65  90.29  97.50  83.36  83.62  91.80  83.94  91.20  97.28  96.99  95.89  90.47  98.00  96.50  76.99  93.70 101.60  93.92  69.47  88.79    .00
WHITE_LACHI{TK.KADAI|Tai-K    98.53  99.15 100.89  89.05  97.72  88.62  97.39  99.82  80.89  91.34  86.89  94.95  93.81  76.28  94.12  96.56  67.50  96.07  94.95 102.03  91.90  93.95  94.59  87.70  97.11    .00
YERONG{TK.KADAI|Tai-Kadai,    94.80  92.45  95.62  86.93  84.24  92.78  96.43  82.76  86.31  89.86  80.44  83.47  93.80  91.00  91.81  92.94  95.13  93.05  83.63  91.30  95.21  92.48  88.53  92.82  80.34  94.05    .00
ZHENFENG_GELAO{TK.KADAI|Ta    94.76  98.90  96.21  94.34  91.98  90.82  99.37  95.96  88.95  93.12  76.61  82.19  93.99  93.93  88.30  88.58  95.50  91.33  94.40  85.04  83.66  91.60  90.49  92.80  93.88  90.81  87.94    .00
BLACK_TAI_2{TK.KAM-TAI|Tai    86.05  86.97  87.16  89.17  85.76  94.07  81.92  88.18  88.08  93.03  90.39  95.24 100.20  93.96  87.67  94.23  93.25  94.24  86.81  94.62  98.07  98.32  92.67  94.70  88.63  94.51  90.81  92.28    .00
DEHONG{TK.KAM-TAI|Tai-Kada    85.91  79.54  80.53  87.73  85.36  94.02  83.21  87.25  90.19  90.40  93.18  98.82 100.18  97.92  87.68  98.72  92.44  93.77  85.14  98.34  97.24 100.19  87.91  96.06  82.60  98.18  87.63  94.28  55.18    .00
DEHONG_TAI_NUEA{TK.KAM-TAI    83.62  83.54  83.82  87.79  86.88  95.57  87.10  89.16  89.34  91.07  90.08  94.38 101.32  95.97  85.62  97.09  90.42  92.23  85.67  96.49  95.87 100.44  84.38  96.36  81.31  98.15  89.33  93.21  55.86  42.12    .00
DONGMEN_MULAM{TK.KAM-TAI|T    93.28  90.43  89.94  89.91  91.64  96.16  95.62  87.79  99.47  99.63  99.36  98.88  93.20 100.40  75.67  99.10 100.74  79.33  89.88  99.29  99.57  97.62  90.62  94.89  95.46  99.62  98.65  98.19  90.96  90.18  91.03    .00
DONGYING_LINGAO{TK.KAM-TAI    76.55  76.57  77.28  88.86  92.62  96.81  80.79  93.77  94.91  97.16  92.16  90.71  99.07  99.14  92.02  96.85  96.58  98.04  89.15  93.27 101.66  98.32  85.73  98.83  84.75  97.66  96.96  95.99  74.65  78.04  77.88  88.18    .00
FANGCUN_MAK{TK.KAM-TAI|Tai    87.45  84.76  88.42  87.60  91.89  92.14  95.01  89.97  91.03  92.37  97.19 102.07  97.20  98.65  79.23  95.53  96.77  78.86  84.23 100.97  96.51  97.80  83.63  90.16  86.16  96.11  90.49  95.97  85.97  81.39  81.08  72.02  76.69    .00
FUSUI_CENTRAL_HONGSHUIHE_Z    82.53  80.82  78.92  85.86  88.59  94.07  80.59  92.68  89.88  94.66  91.00  96.53 105.31  97.96  83.66  94.36  93.16  91.23  88.50  99.47  96.68  98.75  87.04  94.82  87.13  96.48  92.97  93.29  57.45  58.10  57.63  86.02  71.14  74.07    .00
GUIGANG_CENTRAL_HONGSHUIHE    84.11  81.12  78.58  85.98  90.51  96.32  80.90  92.29  92.47  98.39  95.09  96.16 102.31  96.68  83.56  92.34  90.08  89.36  90.47  99.97  97.67  98.22  87.12  93.58  85.17  94.99  93.54  94.89  58.84  61.46  63.87  84.68  78.28  75.33  38.91    .00
HAWYIENGZ_ZHUANG{TK.KAM-TA    84.46  83.58  81.95  87.31  89.88  95.61  84.91  86.67  92.81  96.94  93.90  93.96 101.06  95.60  85.53  93.88  90.55  88.32  90.50 100.40  95.11  99.12  86.98  95.76  86.82  95.23  93.57  94.57  68.22  66.49  66.90  84.95  78.43  77.65  46.71  33.85    .00
JINGHONG_TAI_LUE{TK.KAM-TA    77.51  78.35  80.99  91.44  88.64  94.44  84.45  89.81  84.73  89.69  88.57  91.45 101.09  95.50  84.66  94.54  93.87  89.05  85.10  98.27  94.07  97.52  86.13  93.85  83.71  98.42  88.73  92.18  52.40  55.09  33.92  90.13  75.67  74.18  53.73  59.61  64.44    .00
JINGHONG_TAI_LUE_2{TK.KAM-    76.99  75.99  76.89  89.32  90.51  93.77  82.97  90.80  86.14  90.02  92.63  96.75 100.92  98.85  84.32  97.32  95.09  90.41  84.95  97.03  96.38 100.67  88.58  95.06  84.47  99.38  89.22  93.30  52.87  47.51  34.63  86.80  74.83  76.42  54.19  58.94  65.51  23.31    .00
JINPING_TAI{TK.KAM-TAI|Tai    79.70  78.64  78.16  87.11  89.87  95.34  80.94  89.93  90.35  94.28  91.51  95.01 100.50  97.36  82.64  96.47  94.34  88.68  85.63  93.60  94.11 102.31  85.84  95.10  86.26 100.98  85.23  92.31  46.41  49.79  41.70  89.68  69.53  72.50  51.50  56.76  63.46  38.44  37.98    .00
KAM{TK.KAM-TAI|Tai-Kadai,K    90.98  90.28  90.92  96.11  89.28  92.57  94.76  92.99  87.37  89.20  88.77  94.67  95.54  96.41  79.77  98.89  95.62  86.85  88.89 103.29  97.96  96.74  86.89  94.93  80.93  95.27  94.20  93.77  73.68  76.13  76.70  75.47  85.35  74.05  76.11  81.02  83.35  76.05  74.84  76.20    .00
KAM_ZHANGLU{TK.KAM-TAI|Tai    85.41  83.94  83.75  92.31  86.82  96.79  93.23  90.70  91.66  93.59  92.03  91.27  95.26 102.24  75.75  96.44 100.36  83.76  84.78 102.17  96.41  96.42  85.55  97.02  81.49  99.31  92.10  93.89  83.83  76.58  72.93  59.39  78.99  68.25  69.26  75.92  79.16  72.73  69.80  71.91  39.12    .00
KHORAT_THAI{TK.KAM-TAI|Tai    77.88  76.53  77.95  88.50  83.74  95.96  84.17  89.48  88.22  92.10  89.10  93.23  99.76  98.39  87.83  93.78  95.81  90.24  82.39  95.63  94.37  97.09  86.26  96.14  82.54  95.94  88.33  95.46  47.02  53.49  50.70  87.46  71.98  81.17  53.61  62.18  66.35  47.68  48.26  52.63  77.32  72.82    .00
LAIBIN_CENTRAL_HONGSHUIHE_    81.51  78.28  75.09  86.82  89.80  95.71  81.11  91.21  92.84  99.81  94.31  94.65 102.90  96.73  82.67  92.19  90.05  86.40  90.53 100.75  98.56  98.65  88.25  93.89  84.69  95.65  95.57  95.28  58.34  62.22  63.96  79.13  78.97  77.35  43.33  17.53  29.84  59.07  59.59  57.33  80.75  75.42  60.35    .00
LALIU_MAK{TK.KAM-TAI|Tai-K    91.83  89.28  90.43  85.53  93.11  89.32  95.75  91.01  89.37  94.87 102.25 103.58  97.67  99.73  77.05  93.37  95.21  78.35  88.42 101.99  96.69  94.66  81.43  87.77  90.66  93.61  94.66  95.14  83.55  86.40  84.44  71.98  83.64  27.61  75.98  74.38  81.00  77.29  78.87  79.35  73.17  70.95  82.92  75.02    .00
LALIU_MAK_2{TK.KAM-TAI|Tai    90.39  86.71  88.15  88.08  93.93  93.70  96.01  90.67  92.06  93.21  99.92 103.36  94.94  97.61  78.69  94.82  97.78  78.88  86.81 101.20  97.77  96.71  83.55  91.64  86.84  96.98  90.26  97.09  84.65  83.66  82.79  66.60  80.74  21.63  76.42  76.69  80.64  77.51  79.30  74.15  75.69  68.60  82.59  76.59  22.21    .00
LAMPANG_THAI{TK.KAM-TAI|Ta    86.07  85.85  84.84  93.69  88.38  95.08  91.81  94.78  90.03  92.80  93.27  94.86  98.34  99.43  84.65  94.64  97.75  91.02  88.56  94.85  98.91  94.39  91.73  93.72  86.59  97.12  90.94  90.32  57.75  66.19  57.20  84.77  80.02  82.79  67.44  72.61  77.63  53.96  51.49  56.90  77.57  75.18  43.01  71.55  84.62  84.08    .00
LAO{TK.KAM-TAI|Tai-Kadai,K    84.98  85.74  88.05  90.15  89.42  96.03  87.25  94.40  89.63  93.10  92.37  95.45 100.48  98.10  90.06  94.95  95.56  92.81  90.78  97.66  97.89  98.28  90.85  95.98  88.36  96.85  89.77  93.75  37.41  61.54  53.70  92.25  79.72  85.42  60.02  62.94  69.79  48.30  48.16  50.95  71.25  82.19  41.91  60.36  84.93  85.67  51.36    .00
LAOTIEN{TK.KAM-TAI|Tai-Kad    83.69  83.32  83.63  87.45  87.76  93.83  79.69  92.85  84.68  94.11  90.22  98.27 101.51  95.48  88.45  96.38  92.76  92.30  87.23 100.13  97.41  99.14  84.50  94.71  80.12  94.97  97.39  92.96  32.90  56.38  52.83  88.97  75.80  84.68  58.65  63.02  65.57  49.24  44.95  50.50  66.05  76.16  49.51  60.41  81.20  84.97  58.57  33.84    .00
LIANSHAN_CENTRAL_HONGSHUIH    88.37  84.91  83.97  82.74  88.76  95.43  84.69  83.90  93.29  95.16  95.12  96.84  99.36  95.67  86.62  92.61  91.33  89.12  87.51 101.44  96.48  98.70  82.62  93.32  89.71  95.59  95.33  93.75  67.18  63.75  61.75  83.61  77.86  78.75  53.32  41.42  42.05  63.51  65.24  63.74  81.25  75.61  68.43  42.94  78.37  77.78  78.65  71.90  65.72    .00
LINCHENG_LINGAO{TK.KAM-TAI    83.30  79.71  78.21  90.91  92.62  94.71  86.49  93.69  91.69  96.19  89.81  90.58  99.03  97.16  94.12  96.69  95.30 101.01  92.05  92.19 100.36  95.34  87.42  96.37  88.11  96.14  98.39  95.53  72.22  80.10  78.38  90.31  17.36  84.26  74.04  80.43  81.27  78.54  77.47  75.72  86.43  82.64  70.72  82.33  89.54  86.43  77.64  78.88  77.96  81.97    .00
LONGAN_CENTRAL_HONGSHUIHE_    81.60  77.55  75.70  84.51  88.79  96.14  81.79  91.49  90.98  94.05  90.26  92.44  99.17  93.07  79.08  91.88  92.59  86.58  88.50 100.00  96.32  97.28  85.83  93.51  87.55  92.99  93.05  93.18  61.89  63.03  62.85  85.74  76.98  72.70  25.99  40.28  46.88  57.89  61.18  57.10  77.15  74.37  54.99  43.15  74.61  74.66  68.42  61.47  63.35  50.03  76.07    .00
LONGZHOU_ZHUANG{TK.KAM-TAI    84.81  80.03  80.30  85.54  87.99  97.75  87.40  84.66  90.71  92.31  93.85  98.84 101.11  96.04  85.97  94.52  93.36  88.46  86.55  95.58  93.17  98.39  90.18  97.04  88.25  98.13  88.43  95.55  63.74  55.51  57.80  89.35  77.94  78.73  57.81  60.55  62.74  52.91  48.34  53.91  83.09  79.19  57.00  62.26  80.73  81.13  67.82  61.99  61.40  68.31  79.27  66.30    .00
LU{TK.KAM-TAI|Tai-Kadai,Ka    81.51  82.36  84.86  96.51  92.64  94.38  84.49  95.47  91.01  95.98  91.46  90.88  99.87  95.98  91.10  96.60  96.67  95.46  89.85  98.64  99.29  99.25  93.97  97.05  89.07  97.77  95.82  94.59  49.82  63.47  49.26  91.83  75.73  84.88  62.66  66.20  70.83  40.61  44.07  46.51  73.60  84.50  60.11  64.89  83.85  86.31  62.64  43.92  48.37  71.51  78.05  67.69  66.43    .00
LUE_CHIENG_HUNG{TK.KAM-TAI    83.89  84.36  86.72  88.45  86.60  92.11  81.02  87.82  85.81  92.25  91.92  95.76  99.93  95.55  88.75  94.75  90.55  95.82  86.95  97.86  96.13  98.92  91.16  91.36  87.26  95.51  88.41  93.94  29.65  46.77  54.28  89.34  77.20  82.54  56.97  57.08  66.03  45.20  44.29  47.72  70.79  82.54  53.75  57.88  81.81  83.20  61.26  42.09  37.54  65.83  79.41  61.05  59.10  45.12    .00
LUE_MUONG_YONG{TK.KAM-TAI|    83.89  84.36  86.72  88.45  86.60  92.11  81.02  87.82  85.81  92.25  91.92  95.76  99.93  95.55  88.75  94.75  90.55  95.82  86.95  97.86  96.13  98.92  91.16  91.36  87.26  95.51  88.41  93.94  29.65  46.77  54.28  89.34  77.20  82.54  56.97  57.08  66.03  45.20  44.29  47.72  70.79  82.54  53.75  57.88  81.81  83.20  61.26  42.09  37.54  65.83  79.41  61.05  59.10  45.12  11.40    .00
LUNG_CHOW{TK.KAM-TAI|Tai-K    79.66  73.57  78.04  89.76  90.27  93.57  82.28  93.26  89.00  93.15  92.36  95.49 102.07  97.45  86.55  97.62  89.94  89.49  90.36  98.53  94.68  99.11  91.41  95.61  85.60  95.91  90.18  96.25  40.25  45.01  52.14  89.89  73.39  79.89  58.39  60.12  63.84  47.33  41.82  48.60  65.32  74.80  43.43  57.77  82.24  82.08  57.94  40.33  41.34  67.17  74.30  58.49  36.68  43.07  39.10  39.10    .00
LUNG_MING{TK.KAM-TAI|Tai-K    83.03  80.29  83.92  90.00  91.15  92.08  83.85  92.65  90.98  92.21  94.14  98.84 102.15  99.02  84.79  97.63  91.59  88.10  91.16  98.79  95.05  98.81  92.64  95.71  88.67  98.56  93.03  92.68  51.10  55.35  57.56  90.42  76.74  77.27  45.59  60.97  62.13  55.51  52.25  54.54  63.53  74.90  56.25  59.39  81.59  79.84  65.75  47.40  45.99  63.69  79.78  47.48  53.11  48.73  46.52  46.52  27.93    .00
LUOCHENG_MULAO{TK.KAM-TAI|    88.72  83.62  87.18  88.55  91.24  93.81  95.59  86.68  96.24  95.10  97.15  99.14  90.59  99.70  76.57  96.82  98.58  79.26  87.39 101.39  94.35  98.78  84.81  92.86  90.96 100.00  88.03  97.64  92.78  86.36  88.14  20.31  88.21  62.77  79.77  79.91  81.34  84.66  83.24  83.45  77.83  59.96  84.31  77.29  64.87  61.21  82.63  90.86  91.94  78.61  90.92  78.79  83.73  91.09  88.98  88.98  84.46  82.00    .00
LVCHUN_TAI{TK.KAM-TAI|Tai-    85.40  86.93  86.97  91.93  89.30  92.23  85.95  90.53  87.28  90.93  89.54  95.91  98.76  92.34  87.09  94.23  92.57  90.36  88.59  93.94  98.01  95.44  91.74  95.20  82.44  95.53  90.80  93.11  66.22  57.45  55.81  95.67  79.74  83.45  72.45  72.36  79.99  58.52  51.84  56.33  84.63  82.49  70.00  71.76  90.40  86.05  72.24  67.42  64.81  75.95  84.48  73.30  71.24  64.98  62.59  62.59  65.58  70.17  90.35    .00
MAGUAN_TAI{TK.KAM-TAI|Tai-    82.90  78.77  79.06  85.17  86.82  93.98  84.91  89.62  87.05  90.59  93.71  98.76 100.24  99.22  81.90  97.31  93.27  88.53  84.08  95.96  95.88 100.86  85.41  94.00  83.53  95.61  88.15  93.09  46.10  41.69  35.40  89.78  74.55  76.23  50.30  48.87  61.68  38.82  31.53  36.24  75.06  73.80  52.72  49.65  81.30  79.96  56.93  49.21  46.29  61.56  73.88  51.96  51.32  53.50  41.58  41.58  42.52  51.81  83.92  48.59    .00
MAK{TK.KAM-TAI|Tai-Kadai,K    89.51  87.14  91.36  87.43  93.86  93.15  92.44  93.48  86.38  90.76  94.03  99.92  96.95  98.22  84.17  93.65  92.39  84.39  87.68  97.79  95.32  94.68  83.28  93.18  79.47  94.68  94.48  95.87  71.26  80.23  81.85  72.99  78.87  43.30  74.90  76.42  80.66  73.45  74.15  76.41  55.89  68.36  77.02  76.99  34.97  46.15  77.19  71.98  66.54  78.94  81.49  74.77  80.09  73.07  66.69  66.69  65.10  63.79  69.90  86.20  76.54    .00
MANGSHI_TAI{TK.KAM-TAI|Tai    84.10  84.38  83.98  88.41  88.85  95.89  87.06  88.71  91.50  91.83  92.81  95.97 101.77  97.29  87.90 100.02  93.83  92.68  86.65  93.75  97.95 102.56  84.83  96.80  82.27 102.24  91.41  95.39  56.24  44.32  17.73  89.85  77.91  81.72  58.80  62.54  68.82  37.53  33.32  42.41  78.53  77.02  54.96  62.62  86.10  83.56  58.74  55.28  55.99  62.22  79.33  65.03  57.75  47.17  55.75  55.75  53.46  57.72  88.48  55.30  37.24  80.67    .00
MAONAN{TK.KAM-TAI|Tai-Kada    87.05  85.66  87.92  86.41  92.54  95.28  95.17  86.46  91.23  93.42  96.07  99.72  93.78  98.24  81.63  92.16  94.98  86.15  85.20  97.72  91.38  93.99  82.32  92.08  85.20  92.20  91.17  98.72  86.31  81.45  82.43  62.83  79.17  47.74  75.99  74.69  78.08  75.61  76.07  77.27  65.99  61.03  82.48  77.99  50.69  54.95  83.99  88.43  85.55  73.24  85.95  75.12  79.83  85.92  83.02  83.02  78.39  78.03  56.63  87.33  77.22  51.64  84.23    .00
MENGLIAN_TAI{TK.KAM-TAI|Ta    82.00  81.02  80.92  89.07  88.92  95.25  85.06  92.43  86.81  92.82  90.57  93.81 101.23 101.84  87.91  96.83  96.37  91.91  86.74  99.76  95.72 102.74  87.63  95.64  87.38 103.28  90.18  92.92  57.60  50.70  41.40  88.54  75.83  81.54  57.26  66.14  67.98  43.83  39.04  40.87  78.11  74.84  55.68  66.02  83.15  83.46  60.32  56.68  52.99  67.02  77.55  64.25  59.12  54.33  55.65  55.65  57.51  62.34  84.70  61.39  44.18  82.03  42.78  78.96    .00
MULAO{TK.KAM-TAI|Tai-Kadai    88.02  86.09  88.30  90.31  92.20  95.58  95.27  88.10  97.54  97.72  98.06  98.45  91.12 100.82  75.43  96.76 100.32  78.84  89.31 103.18  94.96  96.82  86.74  94.07  92.11  98.78  94.87  97.95  95.96  88.21  88.28  26.78  86.54  65.80  84.90  82.68  81.53  86.95  85.40  87.64  75.02  62.62  86.45  80.39  67.47  64.63  85.02  93.64  92.87  78.73  88.20  82.00  84.94  92.21  93.89  93.89  82.63  84.61  25.66  91.69  87.30  70.90  88.47  61.26  87.27    .00
NINGMING_YONGNAN_ZHUANG{TK    85.19  83.00  82.64  87.28  89.56  95.38  82.43  91.81  91.54  93.25  91.23  96.42 105.30  98.95  86.94  93.26  91.09  91.25  88.75  98.46  99.05  96.69  88.21  95.61  84.66 101.15  93.22  99.12  58.68  58.84  60.46  88.45  76.32  76.17  44.61  48.56  53.65  54.56  54.48  54.20  78.63  78.13  60.88  49.94  75.40  77.80  68.24  59.88  59.96  59.79  78.99  54.59  49.52  64.76  56.68  56.68  52.04  53.65  81.76  73.08  45.32  71.87  60.05  75.34  61.45  85.72    .00
NORTHERN_SHAN{TK.KAM-TAI|T    89.26  88.66  89.90  93.62  92.04  93.03  88.34  91.20  90.58  92.98  93.31 100.20 100.41  98.54  91.12  99.17  93.50  96.47  91.86  99.37  96.82  97.83  91.96  94.86  88.64  96.61  90.48  97.13  43.53  46.89  50.16  92.04  81.40  89.98  66.36  72.44  76.04  56.85  56.78  55.29  73.72  86.04  50.26  72.09  90.02  90.84  62.11  44.78  47.75  73.38  83.40  72.81  61.06  46.68  45.30  45.30  41.04  47.79  92.00  69.42  55.61  76.64  50.17  88.65  56.68  95.72  67.75    .00
NUNG{TK.KAM-TAI|Tai-Kadai,    83.28  79.44  81.93  87.78  90.57  96.44  83.62  90.35  93.89  97.05  97.20 100.77 102.29  97.37  87.22  96.10  93.81  93.23  87.81  97.80  92.81  97.53  89.21  96.20  86.76  95.53  86.35  99.27  57.60  57.41  60.13  89.86  76.54  78.76  49.52  54.51  66.56  57.46  55.12  57.57  77.18  79.37  55.74  53.64  76.95  78.81  70.90  55.93  55.61  65.11  78.99  53.49  48.15  62.64  55.98  55.98  37.12  39.53  81.95  72.12  55.22  74.17  61.81  79.08  63.81  86.05  49.77  57.93    .00
ONG_BE{TK.KAM-TAI|Tai-Kada    80.39  77.30  76.36  87.02  94.28  98.26  86.10  92.77  95.76  98.28  91.65  91.00  98.31  96.52  90.57  96.05  96.72  95.53  90.37  95.59 101.34  97.41  82.37  99.47  80.72  98.78  97.86  96.20  78.78  79.07  79.36  91.24  21.32  80.17  77.33  82.30  80.00  79.14  76.92  77.87  85.85  81.82  69.72  81.14  86.13  82.54  81.61  81.87  77.44  79.90  21.36  75.83  80.34  80.79  79.71  79.71  72.92  77.74  89.42  84.75  78.41  78.87  80.50  83.75  77.94  87.54  79.64  85.19  77.08    .00
PO_AI{TK.KAM-TAI|Tai-Kadai    83.78  81.60  80.28  87.41  88.51  92.45  84.58  88.55  92.70  97.29  93.28  95.31 100.56  96.76  88.87  94.73  92.75  93.27  90.10 101.81  91.44  97.61  89.86  96.82  86.16 100.65  89.66  94.10  59.34  53.67  59.27  87.58  76.77  75.37  43.71  49.47  50.24  58.65  55.81  56.94  67.80  74.03  54.77  48.48  81.60  77.61  70.46  53.84  52.18  51.41  80.40  44.92  58.99  56.53  53.58  53.58  39.41  30.38  80.87  75.18  56.70  67.43  60.66  76.46  64.30  83.31  53.39  56.93  53.57  78.87    .00
QINZHOU_CENTRAL_HONGSHUIHE    79.11  76.77  76.05  86.20  92.01  95.03  82.45  88.26  89.11  93.97  91.19  95.00 103.87  94.25  77.39  93.51  94.96  85.78  90.95  99.35  97.09  96.95  84.89  92.46  89.43  96.64  93.45  93.68  66.61  67.58  62.57  85.29  75.30  76.41  23.48  44.88  49.33  55.59  58.29  57.74  77.23  71.87  62.43  49.28  76.30  76.99  72.32  65.03  65.96  52.02  76.05  26.55  64.07  66.81  63.27  63.27  64.30  48.18  80.21  73.90  58.03  76.91  64.35  76.00  64.07  81.13  54.70  75.66  55.76  78.16  46.48    .00
SAEK{TK.KAM-TAI|Tai-Kadai,    87.74  81.60  80.26  78.95  87.28  93.67  87.76  91.25  90.41  94.46  95.79  94.46 101.77  96.69  79.21  91.22  91.18  86.77  86.41  95.37  93.42  98.12  81.78  95.62  83.22  93.69  92.88  91.30  64.56  66.58  68.31  91.58  74.97  80.00  60.57  62.37  67.30  66.07  65.16  64.44  76.39  77.02  64.28  63.20  79.74  82.50  71.61  63.04  53.95  67.10  75.19  59.68  71.66  67.19  65.64  65.64  53.88  58.16  88.19  80.54  60.47  70.98  71.96  81.07  69.48  90.21  67.43  68.04  67.17  74.45  50.97  67.86    .00
SAEK_2{TK.KAM-TAI|Tai-Kada    83.53  82.52  81.69  83.95  85.00  93.64  83.04  88.97  92.41  96.12  96.17  94.77 100.51  97.59  79.57  90.92  92.82  89.60  87.66  98.87  96.28  97.06  87.46  94.53  89.03  94.44  95.18  93.39  52.81  66.50  70.33  89.54  72.00  80.76  52.12  52.58  62.34  63.58  64.89  62.04  78.32  82.08  63.62  57.80  78.48  82.71  72.21  58.62  45.79  65.34  70.75  55.38  70.72  66.20  52.94  52.94  59.09  61.94  87.82  79.59  58.50  71.63  72.24  82.37  65.09  89.98  64.28  66.45  70.97  73.83  53.71  61.77  32.88    .00
SAEK_3{TK.KAM-TAI|Tai-Kada    81.67  77.54  76.19  83.38  87.06  91.96  85.03  91.29  91.26  94.73  93.76  94.69 103.41  98.93  80.46  92.14  91.63  89.25  88.93  98.03  91.38  96.69  84.96  92.20  85.05  95.15  92.92  93.71  58.48  62.35  67.90  90.27  66.63  74.18  51.28  55.02  57.32  61.60  60.46  59.06  74.55  79.13  59.43  56.22  76.53  76.13  69.53  58.40  51.91  63.03  68.18  52.74  62.72  64.05  58.76  58.76  50.15  54.93  83.69  80.29  56.95  67.00  70.52  77.59  67.36  84.22  57.74  64.16  58.55  67.01  43.81  59.38  13.90  18.62    .00
SANDONG_SUI{TK.KAM-TAI|Tai    89.53  87.13  87.47  82.91  89.70  96.69  94.84  88.70  94.65  97.15  93.94  97.18  95.78  99.35  84.47  96.55  98.78  86.39  86.37  94.28  96.45  95.58  81.68  97.19  83.91  97.34  89.98  94.43  90.22  85.34  82.86  67.85  82.47  61.16  82.97  81.81  82.35  79.40  79.02  78.93  72.28  64.17  81.01  81.31  64.78  66.52  81.70  85.16  84.12  79.66  86.44  76.89  84.22  89.33  87.69  87.69  79.44  79.11  68.23  85.24  82.10  62.11  84.33  54.71  84.42  68.60  80.40  91.25  83.50  83.33  80.06  82.94  79.87  85.56  79.37    .00
SHAN_2{TK.KAM-TAI|Tai-Kada    88.10  88.45  90.68  91.17  90.63  93.73  82.26  90.93  89.74  94.32  89.88  94.16 101.22  95.64  88.59  98.41  91.39  94.73  91.12  96.47  98.44  97.42  95.95  94.71  91.34  97.32  91.29  93.62  29.59  48.73  49.19  90.95  76.87  88.76  60.41  66.18  71.61  55.04  52.09  50.56  71.41  82.80  53.11  66.13  88.58  89.60  59.98  40.59  32.33  69.27  75.66  65.94  62.27  49.23  34.45  34.45  42.72  46.81  92.82  64.42  47.72  75.83  48.05  88.46  51.65  96.93  64.45  34.42  59.12  81.22  55.61  67.30  67.42  55.99  63.15  89.69    .00
SHAN_3{TK.KAM-TAI|Tai-Kada    90.76  93.73  93.96  94.13  91.57  93.33  84.39  91.37  85.94  97.26  87.96  92.95  99.94  96.78  89.89 101.86  90.89  89.91  90.87  98.51 100.73  99.02  97.22  93.81  92.18  95.84  91.71  96.20  47.13  59.38  62.05  94.68  79.70  94.07  72.50  77.89  76.84  65.67  63.65  61.01  78.88  86.54  64.66  75.75  91.96  93.45  73.59  54.43  50.23  76.80  84.48  77.92  69.09  61.79  49.24  49.24  57.79  62.87  94.91  68.82  58.36  84.73  61.42  95.08  55.52  94.69  73.88  47.28  66.74  81.99  70.54  80.03  76.15  64.65  71.37  91.12  34.91    .00
SHAN_4{TK.KAM-TAI|Tai-Kada    90.51  89.61  90.45  94.20  92.87  93.27  89.33  96.36  90.63  93.57  93.14  99.07 100.77  99.21  91.93  98.22  94.21  94.17  91.92  99.82  96.32  99.19  94.20  95.72  91.04  94.14  91.42  96.74  45.47  52.98  51.54  92.46  80.25  88.31  63.47  70.58  75.16  55.17  54.24  55.85  73.07  84.28  44.82  71.76  88.77  88.48  57.81  40.45  44.83  71.43  80.74  69.75  60.60  43.98  45.93  45.93  43.23  46.26  91.91  71.07  58.03  75.78  50.78  89.20  54.59  95.83  67.28  23.64  57.25  83.22  56.53  72.51  70.43  66.18  64.10  88.55  33.07  50.59    .00
SHANGLIN_CENTRAL_HONGSHUIH    84.65  81.70  79.12  88.38  89.70  97.92  80.47  91.89  92.64  97.93  95.72  96.59 104.23  97.38  83.35  93.06  89.77  87.38  89.16 100.96  97.38  98.24  89.99  95.43  86.92  98.21  92.06  96.04  56.65  60.21  63.67  85.62  81.08  76.03  42.76  20.98  36.70  59.83  59.00  57.01  84.02  78.49  61.57  23.33  74.51  76.69  71.48  61.69  63.20  41.86  84.71  43.06  61.52  64.84  56.31  56.31  58.90  61.49  81.31  70.78  47.11  77.01  62.28  75.30  64.41  82.97  47.75  70.79  56.72  85.60  50.05  46.66  68.02  61.55  61.51  84.64  65.53  76.34  71.04    .00
SHANGSI_YONGNAN_ZHUANG{TK.    86.27  82.90  79.87  87.29  88.61  93.48  80.85  90.65  87.61  89.82  95.16 100.08 104.82  98.36  83.19  96.10  93.38  89.11  87.64  94.93  98.49  96.75  89.34  92.57  85.36 100.79  96.19  97.76  57.96  61.63  58.47  87.36  74.64  78.80  35.44  46.79  57.61  56.73  55.82  60.95  75.14  72.47  57.99  49.38  77.31  78.31  67.59  59.04  57.98  56.32  73.52  44.97  54.11  66.70  57.01  57.01  51.35  44.62  82.32  73.70  48.40  71.78  59.65  78.99  64.19  83.04  43.18  67.98  47.81  74.58  52.98  43.95  63.55  59.12  53.97  81.83  64.90  73.04  67.24  50.68    .00
SHUIQING_SUI{TK.KAM-TAI|Ta    88.20  84.77  85.87  79.87  89.60  91.52  94.07  87.11  90.81  96.42  95.19  99.80  93.37 101.19  84.16  94.23  99.56  84.66  85.36  98.39  96.64  94.98  78.90  91.82  82.35  97.38  90.64  98.64  88.43  79.19  80.43  58.94  77.96  58.15  77.22  77.14  75.71  77.85  75.69  76.76  70.64  52.29  77.41  77.84  61.74  55.57  80.50  85.26  82.38  72.79  85.97  75.07  80.57  90.13  84.95  84.95  78.85  77.47  56.84  86.86  78.04  65.37  83.66  49.33  80.82  56.87  80.27  90.44  81.18  79.95  77.33  78.05  78.46  83.60  78.17  38.99  89.54  91.35  88.31  80.66  79.69    .00
SIAMESE{TK.KAM-TAI|Tai-Kad    83.14  82.88  85.17  89.14  82.79  93.70  84.37  87.80  88.24  93.52  88.79  93.08  99.95  95.35  86.94  93.75  94.30  95.38  85.48  94.37  97.38  97.26  92.40  93.78  86.16  92.53  90.67  92.85  28.24  58.53  60.45  86.99  77.20  85.42  57.49  58.16  69.13  57.41  57.16  57.27  72.76  82.96  40.54  57.27  83.81  86.79  54.96  38.69  36.98  69.87  74.85  56.51  66.12  51.05  30.16  30.16  41.41  50.86  89.45  70.93  53.44  69.08  61.63  88.15  62.34  92.41  64.09  48.07  60.68  78.34  57.31  67.62  64.94  51.28  58.28  89.05  37.49  55.30  47.83  58.15  59.96  87.40    .00
SIAMESE_2{TK.KAM-TAI|Tai-K    81.83  77.64  80.94  90.82  87.98  93.20  85.30  90.52  88.28  92.33  86.37  92.57  99.59  96.97  89.90  97.34  94.75  95.26  88.62  94.50  93.64  94.60  92.84  94.01  82.75  96.37  86.73  95.72  39.17  52.57  57.40  88.52  72.66  80.53  60.09  60.59  65.94  57.21  54.21  55.01  66.51  78.15  31.63  58.37  83.70  82.49  52.60  36.78  39.71  69.37  72.45  58.18  57.98  43.93  41.66  41.66  29.52  38.67  86.65  70.13  51.22  64.74  59.55  82.54  61.23  87.17  60.37  41.56  46.07  73.25  42.32  67.48  56.30  59.79  49.35  84.42  42.34  57.89  39.20  61.60  58.10  81.92  27.38    .00
SONGKHLA_THAI{TK.KAM-TAI|T    84.93  83.68  86.50  94.75  92.96  95.50  90.20 100.51  92.07  95.88  93.12  98.50 100.51  99.65  91.61  99.13  97.22  95.61  93.15  94.53  95.81  98.32  94.91  96.96  86.74  98.21  93.23  96.56  50.42  61.88  63.24  91.46  80.33  88.04  69.70  72.37  77.21  63.84  61.90  65.03  71.52  84.05  32.51  71.13  86.86  87.85  56.13  46.71  51.63  80.96  80.59  69.77  66.09  57.33  53.12  53.12  39.54  50.69  90.77  77.55  62.20  69.99  65.09  89.21  65.48  91.66  71.57  46.07  63.29  81.00  56.02  77.59  69.91  68.55  60.20  87.70  48.77  63.93  41.63  72.22  70.17  84.89  38.76  23.09    .00
SOUTHERN_DONG{TK.KAM-TAI|T    92.61  90.96  90.15  86.65  83.32  92.18  96.51  88.50  91.88  94.04  95.34  94.68  96.74  99.28  85.29  94.16 100.66  90.60  85.76  97.51  97.63  96.84  83.45  94.03  85.77  96.30  93.61  94.33  84.71  80.11  77.25  75.33  87.29  75.51  81.84  80.40  78.52  76.79  77.27  79.02  63.14  43.25  80.46  78.46  78.54  75.36  80.76  82.86  81.01  76.01  91.82  80.92  86.63  85.54  82.58  82.58  82.26  83.12  70.22  84.71  80.14  78.61  80.71  74.32  82.35  75.29  81.45  86.71  82.94  90.03  80.04  80.53  80.12  84.55  81.57  69.17  85.63  87.21  86.24  81.82  80.02  66.08  84.29  81.81  84.82    .00
SUI{TK.KAM-TAI|Tai-Kadai,K    86.92  84.42  83.35  84.19  89.90  96.83  92.59  86.29  94.91  95.41  97.56  99.26  90.75 102.46  78.41  96.81 101.19  82.40  84.67  99.36  96.62  94.22  83.47  94.94  82.60  98.64  94.63  97.61  88.08  80.31  82.24  54.84  79.25  54.69  79.20  75.21  80.15  80.67  77.93  74.30  63.09  46.44  77.51  73.97  54.29  52.94  80.67  86.26  80.66  73.90  87.51  72.37  83.65  91.69  86.44  86.44  77.82  77.24  55.06  84.91  79.71  59.25  84.08  43.16  79.94  53.41  80.36  91.71  81.44  81.75  78.54  79.66  79.34  82.63  78.40  31.28  89.52  90.52  90.68  79.89  80.62  31.64  85.80  80.64  86.93  62.07    .00
TAI_CHIENGMAI{TK.KAM-TAI|T    83.57  82.86  85.86  87.74  85.53  91.96  82.05  87.26  87.61  93.41  90.98  96.69  97.71  95.44  90.56  93.65  93.62  94.96  87.29  97.52  96.03  96.99  90.17  92.76  83.57  93.75  91.70  94.10  20.64  50.24  55.95  88.72  76.41  83.07  55.03  54.36  63.75  52.67  50.96  51.93  67.70  80.63  42.64  53.39  81.36  84.24  56.89  34.44  26.38  63.93  78.11  57.67  63.24  45.33  24.15  24.15  35.79  44.94  90.68  63.68  41.29  65.83  56.30  82.24  56.81  92.34  58.17  42.42  55.08  78.72  54.26  64.90  62.32  51.22  56.27  86.89  31.37  50.40  44.00  53.13  57.77  83.79  21.52  24.05  44.90  80.74  83.91    .00
TAI_DAENG{TK.KAM-TAI|Tai-K    90.73  90.14  91.22  96.80  91.46  94.63  89.33  94.42  93.30  93.54  94.10  96.68 103.16  95.20  93.36 100.32  95.13  96.94  88.96  99.70  99.96 101.52  99.49  97.04  91.75  96.78  88.62  98.69  49.98  55.42  52.18  92.85  85.94  85.05  64.41  71.90  74.99  58.39  55.24  51.07  71.36  79.40  56.00  72.68  88.34  83.05  63.24  49.18  49.67  72.54  85.74  68.62  66.42  55.29  50.10  50.10  48.50  57.08  90.82  70.27  53.26  76.46  56.15  87.34  54.50  91.03  66.36  48.72  62.54  86.72  61.26  74.27  66.26  70.68  61.82  88.87  51.44  59.08  47.03  71.37  65.07  88.01  53.67  52.18  57.29  85.01  85.82  50.66    .00
TAI_KHUEN{TK.KAM-TAI|Tai-K    87.81  85.51  88.13  94.21  92.51  94.32  88.22  97.82  92.60  93.90  96.73  97.88  99.98  98.60  92.10  98.52  94.81  93.38  90.18  98.10  99.33  98.71  93.67  95.93  89.12  96.30  91.11  98.43  49.24  50.81  51.82  91.42  78.60  87.28  63.29  67.94  74.01  56.39  50.99  55.57  68.00  78.90  41.60  68.36  86.38  87.06  55.41  42.85  51.07  70.48  78.15  65.85  59.97  42.04  46.09  46.09  36.37  43.76  90.99  68.70  52.42  73.97  53.75  86.54  53.91  93.93  63.29  35.72  57.03  79.80  52.55  70.84  65.77  66.52  60.18  86.16  38.22  56.01  21.63  67.74  62.25  85.11  48.56  35.42  38.68  82.78  86.04  43.20  44.86    .00
TAI_LEI_PING{TK.KAM-TAI|Ta    84.86  85.34  88.34  90.84  88.47  94.40  80.31  92.30  90.35  93.07  93.62  96.60 100.86  98.13  86.59  97.77  88.51  94.13  88.78  96.77  96.68  95.71  94.36  93.95  87.71  96.26  91.47  95.45  42.19  56.37  62.45  89.98  73.92  82.41  55.74  54.90  65.26  57.44  56.75  61.64  75.52  82.16  57.78  57.43  80.45  84.79  69.50  51.29  45.45  67.35  76.71  64.20  54.59  60.89  37.09  37.09  36.77  44.41  88.21  74.70  49.04  70.60  62.35  82.42  68.36  90.21  52.70  50.71  54.03  79.98  54.19  64.85  69.34  56.69  59.17  87.45  38.02  55.41  53.69  54.95  52.98  85.44  43.67  46.14  58.93  85.53  86.79  38.29  63.44  54.62    .00
TAI_LUNGCHOW{TK.KAM-TAI|Ta    81.79  84.77  88.12  91.00  89.62  93.70  79.20  93.29  91.14  94.93  91.78  93.78 103.08  95.93  89.07  98.04  89.40  93.22  91.25  98.06  97.02  95.96  93.13  93.29  87.20  96.67  90.77  97.04  37.77  56.04  59.46  89.73  75.59  84.26  59.33  56.97  65.49  56.91  55.77  59.36  73.45  82.07  55.54  55.95  80.16  84.47  65.80  50.40  43.04  68.39  77.17  63.75  53.44  56.88  36.21  36.21  26.68  43.48  89.76  70.61  49.05  70.76  59.51  85.17  65.82  89.27  52.68  49.79  51.06  79.74  56.02  68.39  70.89  59.36  60.97  87.10  37.38  54.88  53.20  54.65  57.00  85.00  40.86  40.91  53.32  84.83  85.56  33.61  58.25  50.45  22.51    .00
TAI_LUNGMING{TK.KAM-TAI|Ta    86.14  86.95  90.51  90.15  89.49  92.59  82.76  91.84  95.51  92.56  95.46  97.11 102.36  99.84  87.14  99.47  92.25  93.42  90.52  96.88  97.91  96.45  94.29  95.42  91.21  96.76  92.90  94.59  46.55  60.04  63.30  89.15  76.78  83.10  50.17  58.30  66.17  63.37  63.07  64.56  74.09  82.73  63.87  58.80  81.71  84.89  70.37  56.08  50.41  67.50  79.55  57.88  62.69  63.42  45.71  45.71  45.44  26.73  87.52  76.25  55.68  70.91  62.38  83.76  69.13  91.77  52.19  51.38  54.50  83.33  46.06  57.66  72.77  60.32  63.62  85.96  40.13  57.77  55.65  58.07  51.92  85.29  49.36  52.13  62.66  85.03  84.17  45.05  62.28  56.42  26.88  30.83    .00
TAI_NING_MING{TK.KAM-TAI|T    86.17  85.25  88.05  90.59  87.25  92.64  85.58  90.50  89.93  93.22  95.51  98.44 102.82  97.49  87.65  97.50  93.09  92.55  89.03  97.43  94.96 100.15  91.02  94.98  89.13  95.82  94.97  97.92  46.78  65.01  65.24  85.82  80.73  84.76  56.56  56.80  65.29  59.62  59.08  62.72  75.54  84.38  65.01  57.45  80.22  87.21  72.49  55.90  47.87  65.83  81.71  63.69  62.22  57.28  44.63  44.63  46.23  47.90  86.84  79.73  54.22  72.46  65.21  83.16  69.55  89.62  46.31  56.55  56.47  87.02  53.60  61.63  71.19  59.13  60.75  86.11  49.16  60.32  59.95  54.43  47.82  86.67  49.19  53.04  65.97  83.35  87.85  44.53  66.75  61.85  33.09  35.58  33.04    .00
TAI_NONG_KHAI{TK.KAM-TAI|T    84.62  84.89  86.55  87.90  84.35  94.16  83.02  86.92  87.96  92.81  91.77  96.66  96.55  94.93  88.35  93.46  94.32  95.06  87.35  96.27  98.21  96.49  92.20  94.92  85.32  93.64  91.76  92.65  20.61  55.17  60.05  88.49  76.56  83.33  56.66  59.03  66.34  55.40  55.06  53.38  69.20  81.78  41.11  58.60  80.97  83.63  57.98  31.60  28.80  68.42  75.25  59.53  64.17  49.99  26.67  26.67  41.24  48.29  91.94  70.35  49.77  66.45  61.03  85.25  61.89  94.58  61.05  44.11  57.12  78.73  53.68  65.81  62.52  49.17  55.45  87.32  33.33  51.30  44.70  56.95  56.90  85.48  18.93  27.77  44.87  82.54  84.82  15.07  51.44  46.67  40.86  39.57  47.31  46.97    .00
TAI_PING_SIANG{TK.KAM-TAI|    83.98  85.95  89.22  89.98  88.25  94.82  81.18  91.88  90.40  93.01  93.41  94.60 102.85  96.89  87.25  97.75  88.41  93.82  89.55  97.85  97.30  95.84  94.12  93.90  88.90  95.97  90.09  96.50  37.64  56.64  60.21  89.79  75.00  82.64  55.90  54.24  65.08  55.55  54.98  60.58  74.34  83.65  58.41  54.44  78.43  83.82  68.79  49.39  45.00  66.04  76.62  62.70  51.54  57.97  34.51  34.51  29.90  41.92  88.67  72.43  47.25  69.93  60.29  84.16  67.04  91.17  48.94  48.15  50.97  82.18  53.05  65.06  69.69  56.17  59.64  87.90  35.03  51.88  51.95  52.58  53.59  85.31  41.69  44.93  57.77  85.25  87.21  35.96  60.28  52.16  16.35  13.23  25.74  32.13  38.75    .00
TAI_PO_AI{TK.KAM-TAI|Tai-K    87.43  85.72  84.82  86.75  84.21  92.39  84.24  85.54  94.61  98.93  94.90  95.81 103.26  96.13  89.41  93.36  90.49  95.25  86.83 101.67  97.92  98.87  87.80  94.77  86.11  95.83  90.12  91.90  46.40  59.04  59.13  86.22  79.78  78.64  38.37  40.79  40.79  56.36  57.76  57.22  73.15  78.06  58.90  41.03  79.81  79.94  71.36  53.67  50.15  47.39  82.80  40.06  67.75  56.19  42.87  42.87  51.08  42.28  84.67  73.40  51.22  71.10  60.17  80.80  64.58  87.05  55.50  59.85  62.92  84.14  23.21  45.44  60.38  48.11  52.86  83.74  50.15  66.88  60.66  40.87  55.41  81.48  46.25  53.18  63.32  81.01  82.31  41.61  62.37  58.44  44.37  45.00  39.02  45.90  43.42  42.15    .00
TAI_WESTERN_NUNG{TK.KAM-TA    85.43  85.79  87.56  90.45  87.40  93.40  84.25  88.96  89.87  93.26  91.78  94.49 101.50  93.47  87.04  98.02  91.97  91.73  90.01  98.16  97.91  97.44  89.48  93.60  88.02  94.54  95.76  96.29  37.90  60.51  60.75  89.45  81.51  87.87  55.81  59.37  69.55  57.66  57.63  62.10  74.19  84.67  57.59  56.46  83.43  88.40  65.76  54.90  41.96  65.48  83.11  59.35  65.08  58.19  37.65  37.65  40.78  47.53  91.22  72.09  51.60  73.92  59.80  87.49  66.63  93.08  57.06  53.17  55.74  82.50  64.29  64.68  69.01  60.15  65.05  89.55  41.38  57.32  59.20  60.54  55.98  88.70  38.90  48.36  57.35  84.36  87.18  30.47  62.02  55.61  37.90  30.47  42.27  43.57  37.72  34.57  48.25    .00
TAI_WUMING{TK.KAM-TAI|Tai-    84.54  83.51  83.11  90.88  86.95  95.64  85.03  90.51  91.01  94.12  93.19  92.86  99.24  94.67  88.23  98.82  93.62  94.32  90.44 100.51  94.02 100.69  88.69  96.74  84.55  97.77  92.82  97.23  57.94  69.79  69.63  85.41  80.13  85.80  60.03  48.77  58.09  64.90  63.07  69.63  75.24  80.87  68.10  51.68  82.10  86.58  75.42  63.69  57.60  65.07  81.65  57.12  71.62  65.00  52.93  52.93  51.68  58.89  86.04  82.13  58.96  73.16  69.44  87.51  74.35  87.65  60.69  67.59  66.72  82.56  53.43  65.50  60.01  46.36  48.78  85.55  60.59  74.28  68.35  56.09  56.60  88.37  51.12  52.79  64.35  85.58  86.94  49.94  71.67  65.73  47.83  43.63  55.24  48.66  54.00  46.25  41.09  46.95    .00
TAIYANG_AI_CHAM{TK.KAM-TAI    94.10  90.40  91.46  84.68  91.38  90.89  96.48  87.23  91.66  98.33 103.83 101.69  97.60  98.35  78.34  91.13  98.45  78.85  87.83 100.31  96.66  96.91  81.79  88.96  91.06  94.48  91.84  95.65  87.31  88.79  86.20  71.04  86.06  35.77  82.14  77.15  83.23  80.17  80.21  79.71  74.46  70.57  86.02  77.87  20.33  29.77  86.63  88.09  86.41  79.56  91.05  77.57  81.29  87.60  83.82  83.82  85.13  84.90  66.57  93.96  83.04  41.71  88.30  50.45  83.23  68.23  78.52  92.60  80.56  86.88  83.50  80.46  79.14  82.31  80.89  64.31  92.09  94.79  92.00  79.12  82.30  55.56  87.11  86.44  90.00  76.77  51.57  84.91  89.42  89.57  84.83  83.92  85.56  82.43  84.23  83.58  81.70  86.14  84.17    .00
TAIYANG_AI_CHAM_2{TK.KAM-T    91.91  86.95  87.92  87.53  90.99  94.90  96.68  86.56  93.02  96.96 102.25 104.63  97.70  99.20  81.67  93.70 100.50  82.04  85.17 100.70  97.60  97.17  82.60  92.20  86.06  97.85  88.72  98.70  85.87  85.74  84.99  67.90  82.87  35.17  80.28  77.78  80.42  79.63  79.92  74.81  77.06  66.99  83.31  78.43  27.24  29.50  85.87  88.43  86.22  78.17  89.05  77.23  81.44  89.95  84.12  84.12  83.72  83.28  61.75  90.31  80.91  49.24  86.73  52.85  83.44  64.24  79.21  94.44  79.55  83.99  79.47  79.31  81.90  84.49  79.58  66.06  94.36  96.58  93.45  78.57  80.74  52.53  87.15  83.86  90.35  72.42  48.28  85.01  85.78  91.75  88.41  87.84  89.45  87.97  84.27  88.11  80.94  88.19  88.57  13.43    .00
TAY{TK.KAM-TAI|Tai-Kadai,K    79.87  81.36  81.80  85.69  93.27  97.93  79.53  91.03  91.66  97.87  90.84  96.27 101.40  95.36  85.95  98.09  92.84  86.45  92.74  98.58  94.61  99.82  84.72  96.99  88.16  96.34  95.79  93.63  56.45  69.08  64.93  92.53  72.47  80.71  57.17  62.37  63.31  63.40  60.96  61.41  82.73  84.28  62.42  63.14  78.46  81.78  71.76  55.29  48.44  69.65  73.98  60.06  60.95  68.92  63.26  63.26  51.15  52.80  88.33  79.23  56.38  75.02  66.55  80.24  64.75  87.99  54.88  67.18  56.78  75.71  66.79  62.20  64.46  61.99  53.58  83.25  60.63  68.02  66.12  64.45  59.13  80.60  63.25  57.05  65.04  87.60  80.76  55.11  65.22  68.25  61.74  58.08  63.53  63.34  59.36  61.30  67.67  59.66  63.52  81.10  82.41    .00
TEN_2{TK.KAM-TAI|Tai-Kadai    92.92  89.37  88.94  82.06  90.62  94.01  94.78  89.76  92.44  96.57  96.68  99.43  97.56 100.58  73.10  92.87  98.86  76.88  89.28  95.79  98.23  96.20  83.64  94.14  88.84  96.85  97.03  93.59  86.46  82.86  82.19  60.46  83.80  61.25  79.91  70.93  78.96  82.38  77.29  79.38  65.51  53.62  81.82  75.08  62.79  61.62  81.42  85.16  81.86  78.61  83.96  73.77  80.43  89.36  85.04  85.04  81.73  80.50  57.17  88.30  79.16  58.50  82.05  48.97  81.90  59.45  84.76  90.76  82.08  82.58  77.99  78.72  79.36  78.58  77.53  50.62  85.10  93.55  91.19  76.18  81.94  45.79  83.35  81.70  85.98  69.68  38.05  85.10  89.96  86.73  83.96  84.50  82.68  83.10  83.53  84.89  79.15  86.78  79.80  53.46  55.24  80.10    .00
THAI{TK.KAM-TAI|Tai-Kadai,    82.57  79.29  78.96  93.09  88.30  93.73  87.69  95.50  88.30  93.63  92.54  98.07 100.83 100.32  82.87  98.73  98.90  86.69  87.28  94.80  97.58  98.81  94.49  94.80  84.81  98.21  88.74  92.78  53.72  52.78  60.90  88.16  74.73  78.70  63.45  66.08  73.33  58.18  55.25  54.66  78.11  73.62  35.57  62.68  81.51  78.70  48.93  51.75  58.11  74.92  75.50  64.45  59.37  68.66  58.20  58.20  45.00  57.88  83.64  71.44  52.84  78.00  62.95  81.95  58.05  84.13  62.88  56.65  59.20  76.29  59.97  73.33  63.08  65.61  56.59  80.95  56.16  66.96  52.92  65.84  63.53  76.27  47.13  35.15  42.28  79.82  71.91  51.90  58.12  50.45  60.27  59.61  65.93  69.55  50.16  60.49  69.30  65.73  70.32  84.06  81.13  62.52  78.24    .00
THAI_2{TK.KAM-TAI|Tai-Kada    84.52  83.58  85.90  95.10  90.42  95.76  89.62  96.14  92.85  96.22  95.05  97.63  97.89 100.29  89.44  97.21  97.41  96.39  90.30  95.85  99.37  97.65  99.28  98.92  90.36  95.19  89.96  95.87  52.62  58.08  65.09  87.17  81.95  91.43  69.80  69.58  75.02  61.75  56.92  61.61  77.88  82.82  44.94  68.31  90.62  91.33  60.56  47.03  53.40  78.50  80.21  70.33  62.19  60.21  49.42  49.42  40.97  52.58  86.13  73.04  55.91  75.41  66.57  90.87  65.98  88.58  69.93  53.21  60.00  82.15  59.22  78.44  68.92  60.88  58.76  90.80  51.28  63.80  45.81  68.64  66.04  87.80  38.59  33.41  40.86  90.59  86.53  45.44  56.10  41.70  54.07  53.79  62.28  64.65  47.26  53.82  65.65  57.84  55.85  91.78  93.30  71.71  83.87  39.86    .00
THAI_3{TK.KAM-TAI|Tai-Kada    83.73  82.49  85.32  88.85  86.86  95.93  88.14  94.31  91.00  93.76  91.60  94.06  99.63  97.79  90.10  95.82  96.40  95.75  89.29  96.11  97.82  98.16  90.87  95.55  83.76  95.86  90.26  96.56  42.61  61.98  56.72  87.96  76.99  84.08  64.04  63.42  72.20  51.90  53.07  57.59  68.84  79.78  40.91  59.57  84.87  84.68  52.01  27.75  40.88  73.75  77.02  60.04  64.71  50.72  46.51  46.51  40.03  51.82  87.10  68.32  52.11  70.47  59.09  88.10  62.88  90.06  62.07  49.15  60.10  79.10  55.10  71.92  64.77  58.63  55.63  82.67  45.62  60.13  49.03  63.85  60.60  83.52  32.18  26.89  38.33  79.18  81.79  35.87  53.06  46.97  54.07  49.90  57.59  57.93  36.67  51.63  53.97  51.56  52.68  88.15  88.34  61.32  80.08  45.78  40.11    .00
TIANZHU_SHIDONG_NORTHERN_D    92.03  90.04  86.15  95.06  92.64  96.60  97.00  94.37  92.46  97.74  92.69  92.99  97.52 100.17  82.50  98.44 102.51  85.78  91.26  99.99  99.02  98.71  87.40  99.46  89.68 102.83  94.78  95.09  87.94  86.13  84.26  72.52  80.95  75.83  88.11  85.69  80.07  85.15  83.55  82.93  57.50  41.22  85.62  85.05  76.97  75.76  85.21  88.35  82.77  83.05  86.83  86.34  92.45  89.09  90.03  90.03  89.76  86.53  70.65  88.87  84.13  76.29  86.96  76.77  84.50  70.89  86.71  92.26  89.42  84.77  82.12  86.34  82.65  87.09  85.94  63.42  88.93  91.86  90.73  86.47  85.14  64.43  89.32  87.64  92.88  59.98  58.18  88.69  89.50  88.03  90.69  92.22  89.16  88.81  87.58  92.11  83.07  92.94  86.70  73.33  74.64  91.72  65.38  84.76  90.72  85.52    .00
WANGMO_BOUYEI{TK.KAM-TAI|T    83.39  79.22  76.87  84.60  88.70  96.72  82.57  85.82  91.92  93.55  96.82  96.91 100.71  97.22  84.92  92.99  94.67  89.23  84.94 101.47  94.77  98.44  86.25  94.87  85.02 100.24  89.59  96.47  64.66  69.24  66.36  86.35  78.88  80.38  51.63  43.40  46.46  60.67  61.57  61.20  84.59  79.21  63.14  41.00  82.25  80.36  75.06  66.97  64.49  48.69  81.67  50.96  63.69  70.58  64.66  64.66  62.12  65.33  80.20  78.65  60.08  79.71  66.67  80.13  70.23  84.03  54.47  77.72  63.23  79.09  52.82  55.29  64.84  59.35  57.37  85.20  73.54  80.52  77.32  45.30  55.71  80.25  65.91  66.51  76.74  82.82  79.13  62.24  75.80  74.17  65.11  63.62  70.17  68.33  63.57  63.31  46.66  63.91  56.02  83.53  78.59  68.00  80.37  70.14  70.37  67.86  85.21    .00
WHITE_THAI{TK.KAM-TAI|Tai-    75.76  78.49  76.39  84.87  89.07  90.12  72.37  89.66  83.60  92.73  91.36  96.44 101.80  96.18  87.62  97.41  92.82  90.98  88.03  98.02  95.59  97.11  88.14  91.02  85.31  98.65  91.55  91.98  20.11  50.83  51.47  89.95  69.69  84.19  55.56  57.48  61.88  46.65  39.14  36.97  66.03  77.34  46.49  53.87  84.04  81.91  55.43  32.01  23.00  64.14  73.07  61.53  59.52  43.15  27.26  27.26  31.72  39.39  91.01  62.27  39.69  67.76  51.24  81.79  50.06  94.07  55.22  42.14  50.66  71.13  45.83  63.72  55.32  46.37  46.70  85.29  34.39  49.72  44.86  57.78  56.03  83.14  35.88  34.54  49.92  82.00  80.76  23.87  42.49  44.93  42.93  35.75  47.74  47.14  27.60  41.79  43.06  35.04  49.62  87.69  82.76  45.39  85.43  52.26  52.75  42.34  85.37  54.09    .00
WHITE_THAI_2{TK.KAM-TAI|Ta    86.07  86.52  87.47  87.53  86.60  93.06  80.54  89.24  86.65  92.68  91.94  94.91 102.00  95.09  87.39  96.00  91.59  94.36  87.53  95.76  96.53  99.64  91.21  93.40  90.33  96.51  89.60  94.34  21.84  50.41  54.08  92.45  75.44  85.27  56.44  58.55  67.84  46.48  46.20  37.99  72.80  83.86  52.96  58.72  84.00  84.29  58.79  41.13  38.00  67.80  78.56  62.08  62.91  47.15  17.89  17.89  38.82  50.06  91.46  62.14  39.68  70.22  54.75  86.97  56.58  96.64  56.89  45.66  58.50  80.15  55.85  64.04  62.30  52.57  58.14  88.17  33.56  46.98  48.89  54.93  59.83  87.16  33.01  45.13  55.54  84.94  87.80  24.18  49.00  49.50  40.96  37.91  49.19  46.33  26.09  37.84  44.12  34.74  56.21  86.01  84.13  59.08  86.54  57.66  53.54  48.06  89.89  62.79  18.76    .00
WHITE_THAI_3{TK.KAM-TAI|Ta    80.41  77.27  80.00  89.66  91.12  91.73  82.38  92.69  87.10  91.99  89.76  95.98 102.02  97.91  87.34  97.01  92.06  92.57  91.01  98.50  93.98  98.47  90.35  93.34  85.82  95.46  88.91  93.95  36.48  43.50  50.63  91.16  72.36  79.72  56.01  57.58  63.05  43.46  38.85  37.20  64.72  76.20  39.64  55.00  83.71  82.17  52.01  35.96  38.39  66.08  74.44  57.12  51.77  32.44  27.18  27.18  21.75  33.79  87.07  60.27  37.65  63.53  52.40  79.87  54.31  88.78  52.70  39.01  41.83  72.74  41.17  62.59  52.57  56.71  48.92  83.77  41.27  56.47  36.98  55.97  51.57  82.07  37.64  23.03  35.66  80.95  81.07  30.81  46.98  32.13  44.94  37.92  52.33  49.57  31.68  41.76  51.12  45.05  52.83  86.57  83.46  50.80  85.12  44.35  38.70  37.81  87.53  60.18  22.31  25.70    .00
WU_MING{TK.KAM-TAI|Tai-Kad    80.97  78.73  81.06  92.23  88.11  94.61  85.79  91.29  89.80  95.56  93.09  93.38  97.39  95.16  87.88  97.36  94.94  92.70  90.66  98.46  94.84  98.58  90.37  96.37  82.92  98.26  92.54  96.80  61.80  64.81  69.74  86.69  77.23  85.18  63.12  51.70  62.53  62.32  59.00  65.61  71.15  77.05  59.71  54.34  85.39  87.29  68.65  57.80  52.51  63.91  80.28  59.77  64.86  58.89  55.64  55.64  43.38  50.07  85.35  81.33  61.22  71.71  69.60  84.84  72.91  85.45  60.12  63.86  58.74  78.05  41.98  67.06  55.01  53.41  47.81  82.36  66.02  74.62  63.98  60.34  55.94  83.45  53.10  42.74  54.08  84.36  80.90  53.59  67.97  58.74  57.30  53.43  62.83  57.06  55.49  57.16  53.93  55.18  29.24  85.98  86.50  62.52  78.77  59.64  51.04  50.92  85.49  58.36  44.75  58.35  42.26    .00
WUDING_TAI{TK.KAM-TAI|Tai-    82.91  81.16  82.02  87.59  87.87  91.97  84.44  91.41  89.78  92.40  96.12 100.65  98.71  96.01  86.16  94.67  92.93  93.23  86.05  95.85  96.21 101.11  87.25  93.81  84.37  97.58  88.29  95.19  54.26  41.12  34.56  90.82  73.07  79.75  56.27  58.95  68.11  43.36  34.44  35.09  76.89  73.87  51.01  59.40  84.48  82.16  57.29  52.19  52.42  63.10  77.19  59.43  55.38  48.71  48.28  48.28  48.53  57.79  85.86  40.78  29.44  82.20  37.29  79.67  43.16  89.29  55.90  51.20  59.46  77.08  62.25  65.48  66.39  64.31  64.61  82.09  49.73  59.59  51.43  58.49  59.44  78.09  56.95  58.78  62.13  78.51  78.63  50.54  49.68  47.99  61.50  56.60  64.19  66.39  54.39  57.79  59.45  61.11  70.30  85.32  84.49  66.16  80.13  56.04  56.55  56.17  84.36  66.27  43.85  47.96  43.56  69.65    .00
WUMING_YONGBEI_ZHUANG{TK.K    77.50  77.92  77.28  87.77  90.56  96.51  82.29  92.45  92.80  95.82  90.97  90.61 100.84  94.79  83.54  93.09  93.27  91.38  89.54  97.58  97.10  99.32  88.93  94.18  83.74  96.40  89.33  95.85  59.04  63.74  62.16  81.92  75.28  82.31  49.86  37.71  40.21  57.53  58.27  56.96  82.90  74.41  57.27  28.48  81.65  82.28  68.86  61.42  60.19  53.53  78.18  48.51  61.40  64.26  58.72  58.72  54.55  62.17  79.37  74.67  51.29  78.81  61.56  81.93  65.39  81.57  51.69  71.40  57.72  79.11  52.55  56.67  61.09  55.85  52.32  81.39  68.12  77.34  69.40  43.08  54.27  79.38  55.52  55.61  67.56  80.97  76.14  53.99  67.55  66.42  58.74  56.59  62.77  61.51  58.72  55.56  48.18  58.66  45.03  83.02  82.03  62.77  80.65  61.88  63.26  57.30  87.82  46.42  53.56  60.26  53.72  46.33  58.02    .00
WUMING_ZHUANG{TK.KAM-TAI|T    81.92  79.37  79.41  86.99  88.45  94.98  84.04  91.39  90.61  96.82  93.85  93.27  99.90  96.98  82.18  92.98  92.40  89.13  89.49  97.07  95.80  99.81  87.59  94.17  83.15  96.48  90.89  94.00  63.17  64.31  66.32  82.45  77.61  78.47  44.53  30.80  31.44  60.73  59.77  58.38  80.14  77.47  64.01  24.54  78.42  80.49  73.14  64.22  61.83  50.34  79.39  43.43  61.62  68.93  59.78  59.78  55.36  59.36  78.35  75.98  53.54  77.45  66.77  78.81  68.20  82.87  48.85  74.42  60.18  80.99  48.30  50.41  60.38  57.92  53.32  79.83  68.29  74.86  73.44  36.79  50.81  77.65  60.67  59.23  72.78  77.34  77.45  56.71  72.57  71.17  58.04  58.22  62.65  58.01  60.83  56.90  41.74  61.62  46.71  79.28  79.30  63.16  75.34  65.87  66.41  62.46  81.52  44.82  53.12  60.32  56.09  50.41  62.51  26.14    .00
XIANAN_MAONAN{TK.KAM-TAI|T    86.63  84.63  86.68  84.71  92.99  94.71  93.76  87.41  90.27  92.55  96.79  98.91  94.30  97.89  84.78  92.52  95.35  88.14  86.56  98.25  92.17  94.42  81.85  91.87  86.22  91.28  92.10  99.29  87.66  83.08  83.61  65.33  79.08  49.66  80.22  78.57  78.65  76.45  77.94  78.04  70.63  65.16  82.94  78.67  49.74  53.22  85.55  87.91  83.77  72.39  86.71  78.43  83.29  84.75  83.34  83.34  81.13  81.95  59.66  88.41  80.78  53.02  85.84  10.98  81.01  62.34  76.72  89.55  80.49  82.20  77.63  80.24  79.84  82.08  75.32  54.22  90.45  96.33  89.75  78.82  79.82  51.03  88.23  82.01  89.64  73.25  45.52  82.68  88.20  87.43  86.16  86.80  86.22  82.67  85.48  85.75  82.20  88.71  87.39  47.86  51.55  81.70  56.33  82.03  89.55  87.35  78.55  77.94  84.20  87.21  79.49  84.42  81.39  81.78  78.66    .00
YANG{TK.KAM-TAI|Tai-Kadai,    83.71  83.02  85.59  88.68  90.68  96.90  84.87  94.43  92.31  95.67  91.63  92.97 103.71  96.50  91.41  95.98  92.46  97.36  85.63  94.62  93.47 100.17  91.11  97.21  90.03  99.44  89.04  95.28  38.26  64.20  51.29  95.49  77.89  86.84  59.84  65.44  69.19  41.03  44.22  41.69  76.14  83.02  47.95  64.31  86.66  87.32  61.30  38.66  36.89  72.20  79.20  64.51  59.97  35.19  41.04  41.04  36.94  47.36  91.23  66.10  49.23  73.50  54.51  87.41  58.68  95.33  62.57  48.36  52.37  80.00  52.38  64.96  59.16  57.25  54.19  88.17  42.04  58.88  46.78  65.91  61.81  87.83  46.49  40.49  53.33  85.74  89.66  39.89  52.40  46.55  52.50  49.63  58.75  55.43  41.99  49.68  52.57  50.08  60.83  88.33  86.48  60.99  91.79  63.40  55.32  44.17  89.23  63.12  33.41  35.04  27.55  55.84  51.48  60.02  63.17  86.48    .00
YAY{TK.KAM-TAI|Tai-Kadai,K    84.78  83.96  83.57  87.45  85.16  94.30  83.56  86.34  91.17  96.94  96.33  97.69 100.01  94.01  88.91  90.87  92.32  93.66  87.94 100.49  97.73  97.33  85.53  94.74  83.86  98.47  94.21  93.46  48.83  64.69  67.70  85.81  77.04  81.64  50.26  37.86  48.60  61.04  61.58  61.51  71.73  79.01  63.16  43.77  79.44  82.37  74.62  57.06  43.29  50.73  79.49  52.48  69.26  62.72  47.55  47.55  51.74  53.10  85.62  77.90  54.96  68.63  68.83  81.77  69.01  87.88  59.09  64.09  65.46  80.16  36.91  57.16  53.33  35.43  41.93  85.31  56.07  70.38  65.15  47.09  56.40  81.59  50.54  54.08  65.67  81.96  82.38  43.91  68.99  65.20  49.01  47.65  55.12  49.03  45.25  47.36  25.84  47.40  29.09  81.37  81.50  63.20  77.64  69.59  62.94  58.13  83.60  47.62  37.48  48.00  50.49  40.41  64.05  48.23  44.45  81.54  54.99    .00
YAY_2{TK.KAM-TAI|Tai-Kadai    81.25  79.78  78.56  88.17  87.61  93.63  86.45  89.60  89.72  95.85  92.44  94.90 100.87  96.50  85.73  93.48  93.73  90.47  89.10 101.47  92.96  98.10  85.35  95.52  81.93 100.80  92.04  92.30  57.44  63.71  65.22  85.05  73.45  78.06  54.23  45.86  53.29  57.64  56.27  58.78  68.90  75.13  56.19  49.13  80.82  79.88  68.66  54.73  47.57  54.33  75.48  53.51  63.88  56.53  53.21  53.21  43.97  45.75  80.51  76.64  54.19  65.99  66.91  78.73  67.05  81.87  56.23  61.95  57.53  73.56  26.52  56.78  43.91  43.80  34.66  80.72  61.98  73.54  61.48  52.84  52.55  79.78  54.08  44.23  55.20  80.62  78.78  51.87  66.59  59.14  56.94  56.69  61.78  54.79  53.13  57.50  39.97  58.48  37.30  82.73  80.17  61.34  76.08  59.33  51.65  53.02  81.20  50.16  41.47  55.24  40.81  28.94  64.53  48.21  45.35  77.71  50.59  18.61    .00
YONGNAN_CENTRAL_HONGSHUIHE    75.61  73.77  71.94  83.82  92.05  94.75  83.69  88.69  89.15  93.54  90.33  96.34 102.38  93.27  74.67  89.36  92.96  84.36  90.86  97.02  96.64  94.09  86.39  90.30  83.95  94.20  90.47  91.20  65.51  63.81  67.10  78.71  76.25  73.29  29.56  40.80  51.32  63.68  64.59  59.33  80.84  73.28  59.89  42.02  75.68  75.47  66.08  64.95  70.91  53.54  78.28  24.27  68.99  68.17  62.24  62.24  62.13  51.57  73.58  74.53  56.07  75.80  67.93  75.86  69.33  77.45  50.61  73.32  55.08  78.94  48.54  26.41  65.53  61.56  59.11  77.91  70.53  80.59  72.12  43.80  45.20  75.37  60.24  61.49  72.71  79.94  72.52  60.53  72.89  68.87  63.19  63.76  56.71  59.97  64.06  62.95  46.14  60.18  60.30  79.92  78.03  64.81  76.35  66.37  73.56  65.09  88.25  54.34  65.70  64.43  60.37  60.90  61.41  45.03  42.64  80.01  67.59  58.69  57.26    .00
YUANJIANG_TAI{TK.KAM-TAI|T    83.49  79.82  78.68  83.11  89.96  95.08  82.40  88.40  89.55  89.41  93.19  95.37 102.05  95.22  86.79  98.00  92.73  92.50  86.65  93.49  94.12 100.51  81.06  96.99  87.16  96.43  91.62  92.35  56.43  53.07  47.33  92.56  70.83  79.22  58.88  63.70  65.72  50.56  46.65  43.20  81.56  78.24  59.21  61.60  81.84  78.36  63.15  59.76  58.53  63.53  72.47  61.97  57.68  56.97  57.90  57.90  51.25  58.79  87.72  56.10  39.20  80.31  44.50  81.24  49.43  90.19  55.20  62.59  64.06  74.84  64.24  65.98  67.03  68.14  63.67  84.77  56.36  65.91  64.84  64.39  60.78  81.48  65.14  59.60  70.40  85.31  81.44  56.45  61.51  59.48  61.10  60.26  63.69  67.43  62.49  59.54  62.74  60.58  68.94  84.83  82.95  62.35  82.19  62.86  69.98  59.95  86.49  66.41  51.61  54.29  52.14  72.23  45.23  61.38  67.38  82.20  55.14  68.62  67.70  67.56    .00
YUANYANG_TAI{TK.KAM-TAI|Ta    79.16  77.53  78.43  86.58  87.96  93.80  82.97  88.85  90.87  92.52  91.38  93.92 101.36  96.51  87.67  97.62  92.05  91.17  83.04  93.60  95.20 101.13  86.12  95.44  83.21  99.03  85.85  92.71  50.00  39.06  27.11  88.29  69.57  75.47  54.56  58.43  63.21  33.43  24.60  30.03  72.46  67.97  47.55  58.84  79.87  77.87  55.49  49.63  51.05  59.63  72.82  58.69  50.08  42.37  45.54  45.54  41.77  50.28  83.81  45.36  25.60  76.42  26.88  75.04  36.59  86.26  54.30  51.24  52.90  73.65  55.01  60.38  65.98  65.29  61.88  77.47  43.79  57.14  47.58  57.65  57.07  76.14  57.20  52.18  61.47  76.78  76.02  48.02  47.03  42.12  55.31  50.47  57.34  59.92  55.17  52.06  54.23  55.37  64.10  81.58  80.58  61.43  76.86  54.23  56.49  53.99  81.89  64.11  41.85  44.82  40.24  64.58  25.33  56.57  61.25  77.55  42.81  62.01  60.77  61.79  34.95    .00
ZHANGLU_DONG{TK.KAM-TAI|Ta    86.79  86.09  84.95  90.60  85.50  96.39  94.79  89.10  92.55  94.60  92.07  90.68  94.43 102.09  76.50  96.85 101.87  84.00  83.85 102.44  97.48  97.20  83.64  96.13  82.35  99.10  91.27  94.64  85.19  78.23  77.26  62.36  82.59  69.61  75.17  76.59  81.51  75.63  73.71  76.92  45.09  18.21  76.95  75.24  71.18  68.28  77.81  84.22  78.45  75.26  86.56  74.96  84.20  85.54  82.97  82.97  80.43  80.30  62.37  83.01  77.29  71.26  79.62  61.58  78.00  64.06  78.82  87.80  82.38  83.29  77.23  73.67  80.07  83.37  80.19  63.35  85.13  88.02  86.75  78.20  76.12  55.64  84.34  81.77  87.50  46.68  47.02  81.99  81.81  82.58  84.49  83.66  83.68  85.14  83.19  84.84  78.79  85.16  83.17  69.13  66.68  83.86  57.40  76.25  86.78  81.87  46.85  81.34  80.56  84.78  79.94  80.77  76.67  76.85  80.85  65.82  84.20  81.22  78.55  75.28  81.97  72.03    .00
ZHUANG_NORTHERN{TK.KAM-TAI    76.04  72.67  73.12  84.11  87.76  96.12  83.76  84.94  88.15  94.14  94.63  96.54 102.00  96.33  79.63  92.93  92.37  86.14  85.40 102.58  92.87  98.14  83.35  94.51  79.53  95.51  91.02  93.70  68.26  60.45  62.00  80.96  76.00  76.94  56.39  39.43  32.56  56.24  54.31  61.07  80.06  72.12  56.38  29.88  77.00  77.75  70.27  66.42  60.86  47.18  78.52  53.82  58.94  65.21  63.69  63.69  54.60  60.35  74.79  75.41  55.86  76.96  65.20  75.25  65.66  78.19  52.84  72.13  60.19  77.16  44.24  55.43  60.81  63.71  54.31  81.58  73.44  79.01  74.10  41.62  59.18  75.17  64.73  55.82  69.97  75.93  73.72  61.65  74.19  68.35  64.97  64.06  70.39  65.48  67.01  63.80  52.11  64.36  55.37  79.90  77.31  65.49  74.08  62.41  64.13  64.44  83.00  39.98  57.10  66.57  50.35  47.76  61.27  31.77  32.47  73.60  61.26  51.79  41.84  48.31  64.44  58.36  73.05    .00
ZHUANG_SOUTHERN{TK.KAM-TAI    78.86  75.89  77.29  83.85  86.40  98.11  82.43  85.14  89.01  92.23  93.53  94.70 100.12  96.23  86.26  95.23  94.36  88.40  84.80  98.17  95.31  95.82  87.81  98.04  84.98  99.26  87.14  96.01  60.91  51.17  49.67  89.33  71.04  76.34  46.27  48.64  57.54  44.75  41.59  51.37  79.25  73.79  51.46  50.96  77.86  77.91  63.00  56.63  56.38  58.89  72.42  58.15  19.83  60.55  58.57  58.57  28.13  45.48  83.07  64.82  47.14  76.02  47.81  77.29  55.40  84.77  40.18  57.09  41.04  76.37  53.55  56.89  65.75  68.76  59.81  82.35  58.98  69.26  56.81  50.00  44.80  78.39  62.45  49.89  63.70  82.11  80.02  58.45  59.84  55.56  49.04  47.06  56.71  57.36  61.32  45.46  63.48  59.91  63.91  81.27  80.29  55.86  78.26  56.91  57.91  60.24  88.77  56.31  52.72  60.81  43.48  57.88  49.76  51.32  55.47  79.40  54.96  64.87  58.36  59.26  50.50  42.35  77.62  51.35    .00

LDND                          BAODI  LI_BA  LI_TO  BAHA_  BUYAN  CA_HA  CUN{T  ECUN_  GELAO  GELAO  GELAO  GREEN  HONGF  JINCH  JINXI  JUDU_  LACHI  LAKKJ  LANGJ  MULAO  NA_KH  NIUPO  PAHA{  PHO_B  PUBIA  WHITE  YERON  ZHENF  BLACK  DEHON  DEHON  DONGM  DONGY  FANGC  FUSUI  GUIGA  HAWYI  JINGH  JINGH  JINPI  KAM{T  KAM_Z  KHORA  LAIBI  LALIU  LALIU  LAMPA  LAO{T  LAOTI  LIANS  LINCH  LONGA  LONGZ  LU{TK  LUE_C  LUE_M  LUNG_  LUNG_  LUOCH  LVCHU  MAGUA  MAK{T  MANGS  MAONA  MENGL  MULAO  NINGM  NORTH  NUNG{  ONG_B  PO_AI  QINZH  SAEK{  SAEK_  SAEK_  SANDO  SHAN_  SHAN_  SHAN_  SHANG  SHANG  SHUIQ  SIAME  SIAME  SONGK  SOUTH  SUI{T  TAI_C  TAI_D  TAI_K  TAI_L  TAI_L  TAI_L  TAI_N  TAI_N  TAI_P  TAI_P  TAI_W  TAI_W  TAIYA  TAIYA  TAY{T  TEN_2  THAI{  THAI_  THAI_  TIANZ  WANGM  WHITE  WHITE  WHITE  WU_MI  WUDIN  WUMIN  WUMIN  XIANA  YANG{  YAY{T  YAY_2  YONGN  YUANJ  YUANY  ZHANG  ZHUAN  ZHUAN
Stop - Program terminated.

