2 SYNONYMS, AT LEAST 28 WORDS, DATE > 1700
LOANWORDS EXCLUDED

LDND                          BAODI  LI_BA  LI_TO  BAHA_  BUYAN  CA_HA  CUN{T  ECUN_  GELAO  GELAO  GELAO  GREEN  HONGF  JINCH  JINXI  JUDU_  LACHI  LAHA{  LAKKJ  LANGJ  MULAO  NA_KH  NIUPO  PAHA{  PHO_B  PUBIA  TA_MI  WHITE  YERON  ZHENF  BLACK  DEHON  DEHON  DONGM  DONGY  FANGC  FUSUI  GUIGA  HAWYI  JINGH  JINGH  JINPI  KAM{T  KAM_Z  KHORA  LAIBI  LALIU  LALIU  LAMPA  LAO{T  LAOTI  LIANS  LINCH  LONGA  LONGZ  LU{TK  LUE_C  LUE_M  LUNG_  LUNG_  LUOCH  LVCHU  MAGUA  MAK{T  MANGS  MAONA  MENGL  MULAO  NINGM  NORTH  NUNG{  ONG_B  PO_AI  QINZH  SAEK{  SAEK_  SAEK_  SANDO  SHAN{  SHAN_  SHAN_  SHAN_  SHANG  SHANG  SHUIQ  SIAME  SIAME  SONGK  SOUTH  SUI{T  SUI_J  SUI_L  TAI_C  TAI_D  TAI_K  TAI_L  TAI_L  TAI_L  TAI_N  TAI_N  TAI_P  TAI_P  TAI_W  TAI_W  TAIYA  TAIYA  TAY{T  TEN{T  TEN_2  THAI{  THAI_  THAI_  TIANZ  WANGM  WHITE  WHITE  WHITE  WU_MI  WUDIN  WUMIN  WUMIN  XIANA  YANG{  YAY{T  YAY_2  YONGN  YUANJ  YUANY  ZHANG  ZHUAN  ZHUAN

BAODING_HLAI{TK.HLAI|Tai-K      .00
LI_BAODING{TK.HLAI|Tai-Kad    24.56    .00
LI_TONGSHI{TK.HLAI|Tai-Kad    40.76  24.07    .00
BAHA_BUYANG{TK.KADAI|Tai-K    93.12  90.20  93.65    .00
BUYANG{TK.KADAI|Tai-Kadai,    92.80  90.42  95.09  77.64    .00
CA_HA_GELAO{TK.KADAI|Tai-K    95.68  95.28  96.31  96.82  94.46    .00
CUN{TK.KADAI|Tai-Kadai,Kra    69.90  69.49  69.10  92.22  95.92  98.69    .00
ECUN_BAHA_BUYANG{TK.KADAI|    89.04  85.48  91.77  73.68  57.17  98.48  93.93    .00
GELAO_LAOZHAI{TK.KADAI|Tai    91.19  94.10  94.28  92.08  94.90  66.46  95.20  93.23    .00
GELAO_QIAOSHANG{TK.KADAI|T    97.60  95.63  95.59  95.11  97.14  82.72 102.07  98.95  53.12    .00
GELAO_WANZI{TK.KADAI|Tai-K    89.23  93.44  96.30  95.51  95.58  79.57  99.19  98.73  52.14  55.12    .00
GREEN_GELAO{TK.KADAI|Tai-K    92.47  94.71  97.63  98.96  94.40  88.83  96.44  94.18  66.32  65.35  28.45    .00
HONGFENG_GELAO{TK.KADAI|Ta    95.40  97.84  99.86  98.50  95.83  96.33  99.97  91.97  92.94  94.50  94.10  88.79    .00
JINCHANG_WHITE_LACHI{TK.KA    96.76  98.28  98.13  96.57  95.79  92.54  97.01  94.65  83.73  96.58  88.01  89.46  91.08    .00
JINXIU_LAKKIA{TK.KADAI|Tai    93.41  93.18  91.05  94.41  89.53  89.54  96.36  91.45  85.51  85.98  85.72  95.95  98.22  95.48    .00
JUDU_GELAO{TK.KADAI|Tai-Ka    98.94 100.22 100.16  87.38  90.28  87.95 100.63  90.24  77.25  84.63  82.18  82.48  89.32  92.95  95.06    .00
LACHI{TK.KADAI|Tai-Kadai,K    96.81  96.71  97.02  92.00  96.86  93.62  93.60  96.61  86.66  94.51  88.80  88.64  94.59  60.19  92.06  93.36    .00
LAHA{TK.KADAI|Tai-Kadai,Kr    86.45  84.16  87.84  70.38  71.66  89.70  92.17  77.18  75.90  83.37  84.37  86.73  91.38  88.41  84.69  86.36  87.69    .00
LAKKJA{TK.KADAI|Tai-Kadai,    96.12  96.52  94.61  96.95  95.77  90.88  96.20  93.89  84.38  86.33  88.63  97.16  94.91  97.41  17.98  95.11  92.32  90.45    .00
LANGJIA_BUYANG{TK.KADAI|Ta    90.83  86.45  91.41  78.13  13.86  92.82  95.53  59.52  92.86  94.39  94.80  93.39  95.16  94.38  91.74  90.32  97.64  69.87  95.55    .00
MULAO_KADAI{TK.KADAI|Tai-K    98.47  98.87  99.64  93.89  96.05  95.42  95.07  98.71  90.74  89.97  91.01  90.20  93.39  87.79  98.32  95.20  98.89  90.68  99.35  95.98    .00
NA_KHE_GELAO{TK.KADAI|Tai-    95.22  94.35  95.31  94.64  96.73  87.83  93.06  96.66  86.81  87.52  89.54  90.09  87.24  90.71  98.13  91.05  94.40  88.05  95.61  96.41  95.15    .00
NIUPO_GELAO{TK.KADAI|Tai-K   100.39 103.34 102.26  90.12  91.53  89.65  98.28  86.40  75.27  86.26  79.30  77.45  85.85  85.84  95.57  51.17  89.36  83.47  94.58  93.93  94.41  94.78    .00
PAHA{TK.KADAI|Tai-Kadai,Kr    87.01  83.74  88.37  38.12  68.29  92.19  98.12  66.14  85.97  87.89  88.50  89.51  93.23  94.53  86.19  83.93  94.56  57.40  94.14  70.90  93.15  90.74  88.08    .00
PHO_BANG_GELAO{TK.KADAI|Ta    95.57  97.41  97.43  96.04  93.86  32.85  98.73  95.77  62.27  85.37  80.51  88.71  96.80  90.81  89.94  83.43  94.46  86.60  91.58  92.57  93.56  86.87  86.70  90.55    .00
PUBIAO{TK.KADAI|Tai-Kadai,    90.40  87.63  89.92  84.19  79.15  89.84  98.02  85.58  83.34  92.36  84.61  92.43  97.80  97.10  96.88  91.45  98.34  67.11  97.28  77.48  94.73 101.97  94.59  71.10  88.51    .00
TA_MIT_LAHA{TK.KADAI|Tai-K    94.74  94.96  94.09  87.24  82.12  93.70  90.16  89.60  90.53  92.52  90.88  94.43  93.24  93.49  88.40  90.43  92.94  70.80  92.80  82.60  91.54  88.27  90.90  82.12  89.51  92.98    .00
WHITE_LACHI{TK.KADAI|Tai-K    98.29  99.00 100.61  87.16  96.38  89.51  97.20 100.73  78.09  89.93  85.94  94.38  93.66  74.95  94.04  95.09  68.35  87.89  95.85  93.75 100.18  93.03  91.95  95.48  87.50  96.70  99.97    .00
YERONG{TK.KADAI|Tai-Kadai,    94.17  91.78  94.71  84.49  81.82  93.34  96.77  82.55  86.70  89.31  80.42  84.14  93.80  90.46  91.97  92.67  94.58  73.53  93.10  81.65  91.11  95.98  92.14  87.18  92.63  82.31  87.35  92.03    .00
ZHENFENG_GELAO{TK.KADAI|Ta    95.14  98.56  96.12  94.06  91.84  90.93  97.71  93.55  89.74  92.21  77.09  77.96  90.11  94.27  90.39  86.55  94.79  88.15  93.25  94.00  86.53  83.51  88.86  89.61  93.36  95.43  89.06  92.84  88.91    .00
BLACK_TAI_2{TK.KAM-TAI|Tai    86.42  87.60  87.76  90.52  86.86  94.07  82.50  89.01  89.11  93.00  90.05  95.38 100.15  94.10  88.34  94.59  93.65  86.35  94.49  87.69  94.99  97.78  98.88  92.75  94.58  89.17  94.43  95.53  91.67  93.29    .00
DEHONG{TK.KAM-TAI|Tai-Kada    85.34  79.52  81.45  88.82  86.34  94.18  83.86  88.05  91.27  90.63  93.05  99.01 100.37  98.80  88.39  99.16  92.98  79.19  94.13  85.97  98.01  96.15 100.76  87.78  95.98  83.34  88.98  99.14  88.56  95.00  56.60    .00
DEHONG_TAI_NUEA{TK.KAM-TAI    84.52  84.29  83.48  89.03  87.84  94.66  87.58  89.89  90.27  90.92  89.57  94.44 101.41  95.87  86.43  97.51  90.77  74.76  92.61  86.50  96.81  95.87 100.82  84.27  96.38  81.94  88.39  98.92  90.21  93.97  56.19  43.13    .00
DONGMEN_MULAM{TK.KAM-TAI|T    92.81  89.97  89.59  89.56  90.97  96.31  95.18  86.91 100.24 100.01  99.88  98.99  93.78 101.02  76.82  99.30 100.67  77.44  80.34  89.22  99.64  99.93  97.72  89.85  94.83  96.32  94.41 100.43  98.17  97.15  90.90  90.12  91.03    .00
DONGYING_LINGAO{TK.KAM-TAI    77.77  77.28  79.01  90.21  93.53  97.06  81.22  94.70  96.01  97.63  92.40  92.03  99.27  99.93  93.21  97.15  97.32  82.64  98.68  90.03  93.06  98.91  99.05  86.24  98.70  86.11  96.63  98.44  97.64  97.31  75.27  77.54  78.38  88.90    .00
FANGCUN_MAK{TK.KAM-TAI|Tai    86.52  84.33  88.87  87.90  91.72  92.68  95.16  89.72  92.47  93.03  97.68 102.69  97.96  99.69  81.08  96.32  97.28  72.90  80.59  84.46 100.86  96.19  98.45  82.91  89.98  87.81  93.14  97.34  90.87  95.64  86.60  80.02  81.87  71.66  77.31    .00
FUSUI_CENTRAL_HONGSHUIHE_Z    84.15  82.40  80.58  87.27  89.74  94.51  81.66  93.75  90.09  93.67  89.96  96.09 105.32  97.65  83.43  95.17  92.86  83.24  90.44  89.63  98.71  95.99  98.47  87.66  94.79  88.29  91.64  96.32  94.03  94.65  59.05  59.51  58.98  86.60  72.08  76.07    .00
GUIGANG_CENTRAL_HONGSHUIHE    84.99  82.36  80.46  87.17  91.71  96.11  81.50  92.19  94.13  98.95  95.36  96.30 101.90  97.93  83.87  92.77  91.46  85.27  89.31  91.59  99.91  96.87  98.68  87.11  93.58  86.14  92.17  96.31  94.11  95.32  60.31  61.61  65.02  85.32  78.14  76.20  41.41    .00
HAWYIENGZ_ZHUANG{TK.KAM-TA    85.23  84.25  82.60  88.40  90.66  95.74  84.53  86.29  93.62  96.79  93.51  92.96  99.91  95.39  85.22  93.14  90.97  79.23  87.82  91.12  99.94  95.18  98.37  86.90  95.81  87.42  92.17  96.02  94.14  94.01  67.30  67.55  66.80  85.00  79.09  78.52  47.51  35.66    .00
JINGHONG_TAI_LUE{TK.KAM-TA    78.09  79.18  81.72  92.67  89.58  94.36  85.07  90.64  85.80  89.62  88.20  91.86 101.07  95.58  85.50  95.01  94.21  75.70  89.51  85.99  98.51  94.06  98.20  86.17  93.68  84.32  88.80  99.29  89.61  93.17  50.97  56.46  34.91  90.11  76.24  75.09  55.48  61.05  63.60    .00
JINGHONG_TAI_LUE_2{TK.KAM-    78.42  77.30  78.60  91.26  91.95  93.12  84.43  92.35  86.69  89.45  91.52  96.07 100.08  98.41  84.80  96.95  94.63  75.83  90.45  86.38  97.71  95.08 100.56  89.32  94.84  85.79  86.80 100.35  90.54  93.52  52.72  48.45  35.97  87.40  76.38  77.53  56.61  60.19  65.56  24.09    .00
JINPING_TAI{TK.KAM-TAI|Tai    81.04  79.82  79.84  89.18  91.39  94.54  82.44  91.52  90.68  93.66  90.50  94.48  99.56  97.02  83.09  96.03  94.05  79.45  88.70  87.05  94.48  92.83 102.05  86.67  94.88  87.46  88.51 101.91  86.86  92.64  46.52  50.69  42.84  90.20  71.36  73.86  54.11  58.08  63.57  38.76  37.11    .00
KAM{TK.KAM-TAI|Tai-Kadai,K    90.52  89.80  90.60  95.68  88.68  92.84  94.30  92.05  88.52  89.70  89.51  94.80  95.82  97.24  80.60  98.96  95.84  69.40  87.39  88.34 103.06  98.07  96.77  86.39  94.88  82.28  91.51  96.04  93.88  92.41  73.55  75.91  76.66  75.33  85.84  73.62  75.67  81.69  83.35  75.98  75.72  77.04    .00
KAM_ZHANGLU{TK.KAM-TAI|Tai    85.41  84.79  84.79  91.52  86.12  97.19  93.70  90.94  92.10  94.22  93.02  92.97  96.61 102.49  78.52  97.40 100.60  66.65  85.67  84.33 102.81  97.40  97.13  85.23  96.95  82.52  93.65  99.39  91.75  94.12  84.93  75.82  73.45  59.76  80.83  68.44  70.81  77.66  80.34  74.09  72.19  74.32  38.11    .00
KHORAT_THAI{TK.KAM-TAI|Tai    79.55  78.37  78.60  90.70  85.72  94.44  85.59  91.10  88.44  91.25  87.91  92.49  99.06  97.18  87.97  93.60  95.05  79.44  90.16  84.06  96.22  93.87  96.83  87.18  96.01  84.15  88.35  96.92  89.67  95.66  46.49  54.75  49.93  88.12  73.91  82.58  56.91  63.75  65.29  47.11  47.25  51.35  78.28  75.20    .00
LAIBIN_CENTRAL_HONGSHUIHE_    82.54  79.69  77.18  88.38  90.99  94.96  82.27  92.38  93.75  99.63  93.97  94.95 102.44  97.41  82.72  92.57  90.76  83.80  86.24  91.59 100.88  97.06  99.09  88.80  93.84  85.63  90.60  96.89  96.51  95.67  59.86  62.30  65.09  80.16  78.79  78.05  45.00  20.33  31.78  60.54  60.06  57.88  81.42  77.15  61.46    .00
LALIU_MAK{TK.KAM-TAI|Tai-K    90.41  88.50  90.90  85.98  92.79  90.35  95.88  90.75  91.51  95.86 102.78 104.18  98.62 100.78  79.39  94.52  96.01  73.99  80.56  88.40 101.96  96.37  95.62  80.66  87.58  92.40  92.99  95.12  94.85  94.35  84.58  84.49  85.45  71.59  84.17  28.95  78.15  74.98  82.00  78.47  80.35  80.71  72.61  70.98  84.85  75.53    .00
LALIU_MAK_2{TK.KAM-TAI|Tai    89.32  86.17  88.64  88.38  93.68  94.12  96.10  90.44  93.40  93.80 100.26 103.82  95.85  98.69  80.59  95.69  98.21  75.16  80.54  86.95 101.00  97.37  97.40  82.83  91.47  88.44  92.61  98.13  90.68  96.66  85.26  82.21  83.53  66.43  81.09  20.50  78.23  77.47  81.42  78.26  80.18  75.35  75.20  68.77  83.90  77.34  23.92    .00
LAMPANG_THAI{TK.KAM-TAI|Ta    86.33  86.42  85.45  94.94  89.47  95.03  92.19  95.48  90.82  92.59  92.71  94.93  98.36  99.27  85.57  95.04  97.94  79.79  91.48  89.47  95.07  98.73  95.03  91.88  93.58  87.15  88.44  97.91  91.80  91.56  56.06  67.16  57.39  84.76  80.52  83.43  68.60  73.51  76.37  52.34  51.25  56.54  77.47  76.48  42.52  72.50  85.46  84.61    .00
LAO{TK.KAM-TAI|Tai-Kadai,K    85.58  86.46  88.62  90.89  89.88  96.09  87.28  94.47  90.21  93.11  92.18  95.28 100.06  98.01  90.32  94.84  95.90  83.96  92.88  91.12  97.65  97.73  98.28  90.99  95.96  88.52  91.23  97.18  90.30  94.30  37.98  62.79  54.62  92.31  80.28  86.12  60.99  63.78  69.49  48.54  48.98  51.68  71.28  82.97  42.64  61.32  85.48  86.34  51.46    .00
LAOTIEN{TK.KAM-TAI|Tai-Kad    83.82  83.38  83.65  87.89  87.91  93.61  79.50  92.78  85.17  94.23  90.17  97.90 101.22  95.98  88.19  96.14  92.81  81.52  92.01  87.35  99.99  96.90  99.18  84.65  94.71  80.00  88.02  95.36  97.64  93.29  32.87  56.32  52.67  89.12  75.33  84.67  58.33  62.68  65.46  49.20  44.71  50.22  66.12  76.43  49.21  60.09  81.31  84.96  58.53  33.85    .00
LIANSHAN_CENTRAL_HONGSHUIH    89.61  86.31  85.44  84.17  90.02  95.97  84.79  83.80  94.80  95.39  94.95  95.96  98.56  96.81  86.00  92.45  92.41  85.21  88.41  88.77 101.04  96.52  98.33  82.78  93.51  90.81  91.68  96.75  95.81  93.67  68.19  64.90  62.96  84.26  78.79  80.43  53.82  42.64  42.97  64.68  65.92  64.45  82.08  78.26  69.50  44.83  80.43  79.50  79.19  72.33  65.27    .00
LINCHENG_LINGAO{TK.KAM-TAI    84.68  80.37  80.14  92.11  93.45  93.71  86.65  94.41  93.07  96.26  89.99  91.54  99.26  97.73  94.96  96.92  95.90  84.86 101.30  92.93  92.75  98.78  95.96  88.00  96.52  89.28  96.15  96.74  99.16  96.73  72.91  80.82  77.67  91.06  18.50  85.68  74.64  80.60  81.78  78.97  79.11  77.44  87.09  84.64  71.89  82.40  91.04  87.77  78.18  79.48  77.43  82.61    .00
LONGAN_CENTRAL_HONGSHUIHE_    83.34  79.40  77.60  86.18  90.09  96.48  82.84  92.69  91.20  93.00  89.12  92.20  99.59  93.15  79.14  92.91  92.33  80.92  86.08  89.78  99.20  95.80  97.14  86.54  93.52  88.70  89.62  93.14  94.24  94.64  63.25  64.23  63.93  86.33  77.56  74.83  24.26  42.69  47.62  59.41  63.05  59.26  76.66  75.66  58.13  44.80  76.95  76.61  69.42  62.35  62.97  50.66  76.58    .00
LONGZHOU_ZHUANG{TK.KAM-TAI    85.12  80.71  80.44  87.84  89.64  97.56  88.25  86.06  91.92  92.61  93.73  98.43 100.80  96.01  85.57  94.88  93.85  77.58  87.89  87.93  94.73  93.77  98.72  90.95  96.89  89.53  86.60  98.95  89.72  96.35  62.69  56.70  57.35  89.90  79.57  80.22  60.36  62.01  61.38  52.21  48.40  53.62  83.77  81.18  54.92  63.60  82.74  82.45  66.49  61.92  61.08  68.95  80.53  68.17    .00
LU{TK.KAM-TAI|Tai-Kadai,Ka    81.83  83.01  85.49  97.65  93.52  94.35  84.99  96.01  91.84  95.80  91.02  91.12  99.71  95.88  91.64  96.80  96.88  85.05  95.59  90.69  98.59  98.91  99.62  94.06  96.89  89.61  94.24  98.55  96.50  95.57  48.33  64.63  49.89  91.87  76.31  85.45  64.11  67.41  69.76  39.41  44.25  46.66  73.44  85.64  59.15  66.16  84.69  86.76  60.63  44.31  48.33  72.43  78.53  68.86  65.26    .00
LUE_CHIENG_HUNG{TK.KAM-TAI    84.86  85.63  87.85  90.41  88.32  92.65  81.90  89.38  87.72  92.68  92.14  96.46 100.29  96.06  90.13  95.58  91.62  81.40  96.47  88.32  98.36  95.22  99.79  91.86  91.43  88.51  90.77  96.89  89.81  95.36  28.72  48.25  54.46  90.08  77.36  83.94  58.00  59.67  65.06  43.83  46.19  49.44  70.08  82.81  54.51  60.39  83.81  84.47  59.24  42.38  37.35  67.59  79.32  61.72  59.64  43.54    .00
LUE_MUONG_YONG{TK.KAM-TAI|    84.86  85.63  87.85  90.41  88.32  92.65  81.90  89.38  87.72  92.68  92.14  96.46 100.29  96.06  90.13  95.58  91.62  81.40  96.47  88.32  98.36  95.22  99.79  91.86  91.43  88.51  90.77  96.89  89.81  95.36  28.72  48.25  54.46  90.08  77.36  83.94  58.00  59.67  65.06  43.83  46.19  49.44  70.08  82.81  54.51  60.39  83.81  84.47  59.24  42.38  37.35  67.59  79.32  61.72  59.64  43.54  10.71    .00
LUNG_CHOW{TK.KAM-TAI|Tai-K    79.57  73.58  78.07  90.40  90.66  93.38  82.15  93.35  89.35  92.99  91.99  94.82 101.63  97.71  86.20  97.42  89.78  77.85  89.11  90.69  98.04  94.17  99.02  91.69  95.61  85.51  88.08  96.22  90.45  95.97  40.13  44.85  52.07  90.11  73.02  79.72  58.01  59.73  63.76  47.21  41.52  48.24  65.46  75.13  43.13  57.40  82.07  81.89  57.77  40.32  41.34  66.70  74.11  58.05  36.44  42.92  38.86  38.86    .00
LUNG_MING{TK.KAM-TAI|Tai-K    82.90  80.19  83.98  90.64  91.55  91.82  83.69  92.72  91.24  91.94  93.68  98.04 101.72  99.18  84.30  97.41  91.32  80.23  87.58  91.50  98.17  94.57  98.59  92.93  95.71  88.60  86.24  98.76  93.36  92.50  50.97  55.19  57.52  90.66  76.26  77.13  45.24  60.58  62.12  55.40  51.96  54.21  63.63  75.22  55.99  59.03  81.34  79.67  65.59  47.40  45.99  63.26  79.33  47.09  52.88  48.55  46.24  46.24  27.93    .00
LUOCHENG_MULAO{TK.KAM-TAI|    88.49  84.50  88.00  87.88  90.28  94.29  95.91  87.01  96.25  95.74  98.04 100.24  92.24  99.77  79.18  97.69  98.82  72.08  81.45  86.84 102.24  95.45  99.21  84.52  92.70  91.46  92.56 100.01  87.80  97.51  92.71  86.38  89.34  19.83  89.72  63.29  81.82  81.43  81.45  84.82  84.61  84.88  77.85  59.87  85.11  79.12  65.35  61.82  82.81  90.98  92.38  80.80  92.55  81.01  84.46  90.99  89.59  89.59  84.86  82.46    .00
LVCHUN_TAI{TK.KAM-TAI|Tai-    86.36  88.18  87.69  93.31  90.59  91.40  87.38  91.98  87.67  90.47  88.84  95.64  98.50  92.32  86.53  94.29  92.32  83.17  89.64  89.67  94.93  97.48  95.66  92.28  95.15  83.79  91.55  96.61  91.93  93.48  66.32  57.83  55.64  95.92  81.27  84.20  73.78  72.85  79.74  58.83  51.37  55.61  85.21  83.20  68.03  71.58  90.96  86.64  72.03  67.81  64.65  76.12  85.34  74.44  70.17  65.21  64.05  64.05  65.34  69.98  91.23    .00
MAGUAN_TAI{TK.KAM-TAI|Tai-    84.35  80.44  80.65  87.47  88.70  93.35  86.20  91.19  87.72  90.03  92.53  97.87  99.43  98.89  82.56  96.91  92.99  75.56  88.64  85.76  96.73  95.06 100.73  86.30  93.86  84.93  84.72  96.94  89.70  93.43  46.64  42.89  36.19  90.28  76.07  77.91  52.92  51.03  62.27  39.57  31.65  36.08  75.93  75.56  51.83  51.05  83.32  81.36  56.94  50.20  45.99  62.45  75.63  54.41  51.61  53.89  44.09  44.09  42.18  51.48  85.89  48.02    .00
MAK{TK.KAM-TAI|Tai-Kadai,K    89.17  86.88  90.95  87.21  93.02  93.31  92.07  92.32  87.78  91.45  94.65  99.82  97.01  99.02  84.80  93.78  92.58  74.04  84.95  87.12  98.11  95.40  94.80  82.81  93.15  80.86  93.92  95.58  94.21  94.19  71.08  79.94  81.59  72.97  79.55  43.81  75.86  77.38  80.53  73.28  75.06  77.25  56.41  68.55  77.89  77.88  33.69  46.57  77.05  71.97  66.56  79.74  82.15  75.76  80.83  72.81  67.93  67.93  65.17  63.85  70.14  86.66  77.33    .00
MANGSHI_TAI{TK.KAM-TAI|Tai    85.41  85.27  84.82  90.41  90.46  94.69  88.22  90.30  91.72  91.11  91.55  95.13 100.81  96.78  88.09  99.40  93.37  77.91  92.53  88.04  94.58  96.51 102.12  85.63  96.63  83.75  87.27 102.99  92.71  95.36  56.86  44.99  18.68  90.36  79.26  82.60  60.78  63.47  69.09  38.78  33.19  41.67  79.32  78.73  53.43  62.80  87.10  84.31  59.14  56.25  55.61  63.07  80.20  66.48  57.38  48.25  57.79  57.79  53.06  57.36  90.16  54.33  36.95  81.30    .00
MAONAN{TK.KAM-TAI|Tai-Kada    86.53  86.10  88.25  86.97  92.50  95.53  95.36  86.46  92.86  93.81  96.45 100.49  94.74  99.25  83.55  93.17  95.53  71.70  87.35  85.54  98.32  92.42  94.92  81.75  91.88  86.99  94.66  93.75  91.61  98.14  87.00  81.06  83.08  62.76  80.87  48.83  76.76  75.68  78.95  76.58  77.86  78.94  63.84  60.01  83.83  78.72  50.63  55.62  84.65  88.70  85.48  75.75  87.39  75.98  81.39  86.51  82.97  82.97  78.25  77.79  57.60  87.91  78.46  52.06  85.42    .00
MENGLIAN_TAI{TK.KAM-TAI|Ta    83.17  81.90  81.77  90.45  89.95  94.08  86.24  93.51  86.89  92.01  89.64  93.30 100.47 100.77  88.50  96.41  95.65  79.43  92.18  87.67 100.08  94.49 102.02  88.19  95.42  88.34  84.97 103.48  91.00  92.92  57.87  51.66  42.07  89.05  77.37  82.33  59.33  67.00  67.91  44.47  38.62  40.32  78.90  76.76  54.14  66.17  84.15  84.13  60.41  57.44  52.83  67.76  78.62  65.81  58.62  54.76  57.32  57.32  57.34  62.21  85.61  60.61  44.05  82.62  42.09  80.40    .00
MULAO{TK.KAM-TAI|Tai-Kadai    87.97  86.72  88.97  89.77  91.22  95.95  95.52  88.18  97.77  98.21  98.75  99.50  92.57 100.80  77.09  97.57 100.44  75.90  80.05  88.66 103.73  95.98  97.41  86.29  93.94  92.74  95.41  99.02  94.54  97.73  95.95  88.32  89.31  26.12  87.28  66.33  86.54  83.98  81.79  87.18  86.63  88.75  75.02  62.90  87.20  82.02  67.99  65.22  85.40  93.73  93.15  80.73  89.05  83.97  85.69  92.25  94.38  94.38  82.97  84.93  25.28  92.55  88.93  70.97  89.98  62.11  88.11    .00
NINGMING_YONGNAN_ZHUANG{TK    85.96  84.04  83.85  89.10  90.88  95.87  83.63  92.99  93.05  93.70  91.43  96.95 104.81  99.46  87.82  93.77  92.12  82.23  91.81  90.07  98.34  98.21  97.73  88.97  95.50  86.19  92.74 101.87  94.45  99.93  57.69  60.15  61.13  89.02  77.24  78.11  47.06  50.99  54.13  53.77  54.88  54.63  79.47  80.47  61.37  52.15  77.86  79.60  66.78  60.05  59.57  60.74  79.77  56.29  50.20  63.55  56.88  56.88  51.62  53.27  83.38  73.47  46.60  73.02  60.86  77.58  62.14  87.09    .00
NORTHERN_SHAN{TK.KAM-TAI|T    90.11  89.72  89.79  95.45  93.44  91.78  89.40  92.52  90.64  92.10  92.03  98.85  99.56  97.35  90.89  98.49  92.90  86.24  95.86  92.97  99.51  95.99  97.36  92.69  94.78  89.83  94.83  97.39  91.55  97.07  43.12  48.32  49.52  92.57  82.71  90.78  68.61  73.22  74.73  56.06  55.42  53.99  74.76  87.61  47.23  72.34  91.22  91.61  61.00  45.40  47.50  74.07  83.68  74.51  58.85  46.17  46.47  46.47  40.76  47.55  92.28  67.64  54.71  77.49  49.11  89.48  55.19  95.91  67.76    .00
NUNG{TK.KAM-TAI|Tai-Kadai,    83.88  80.21  81.59  88.98  91.38  95.58  84.18  91.05  94.39  96.73  96.59 100.36 102.23  96.83  87.86  96.38  93.87  81.39  93.51  88.56  97.76  92.93  97.70  89.22  96.13  87.33  93.53  96.06  87.14  99.67  56.93  58.73  59.29  89.86  77.19  79.59  51.16  56.00  65.61  56.79  55.36  57.72  77.16  80.57  53.92  55.16  78.11  79.64  69.75  56.36  55.49  66.19  78.46  54.94  47.10  61.76  55.18  55.18  37.07  39.51  82.07  71.97  55.86  73.99  61.71  79.83  63.39  86.21  50.33  56.12    .00
ONG_BE{TK.KAM-TAI|Tai-Kada    81.26  78.27  77.34  88.09  94.95  98.17  86.85  93.48  96.42  98.70  92.06  91.55  98.47  97.12  89.99  96.49  96.87  81.48  94.88  91.00  95.73 101.19  97.94  83.54  99.41  81.55  93.38  99.12  98.29  97.04  78.50  78.78  79.11  91.98  23.85  80.89  78.06  82.37  80.02  78.86  76.51  77.43  86.69  82.82  69.69  81.29  87.08  83.16  81.37  81.77  77.28  80.01  24.31  76.60  79.89  80.57  80.33  80.33  72.70  77.57  90.42  84.31  77.86  80.00  80.00  84.49  77.95  88.35  79.66  84.76  76.93    .00
PO_AI{TK.KAM-TAI|Tai-Kadai    84.42  82.42  81.20  88.88  89.58  92.87  85.39  89.60  93.36  97.52  93.48  95.29 100.66  97.31  87.97  95.23  92.94  77.92  92.33  90.97 101.61  91.92  98.09  91.00  96.79  87.05  86.98 100.98  90.38  94.81  59.08  53.33  59.18  88.43  77.66  76.28  45.86  50.11  50.28  58.46  54.89  55.94  69.18  75.37  53.95  49.16  82.47  78.41  70.09  53.67  52.01  51.96  81.45  46.97  57.98  56.29  55.22  55.22  39.21  30.25  82.06  73.84  55.72  68.85  59.57  77.28  63.52  84.29  53.82  56.05  53.45  78.61    .00
QINZHOU_CENTRAL_HONGSHUIHE    80.70  78.38  77.64  86.91  92.33  95.36  83.78  90.14  88.54  93.83  91.17  95.63 104.30  93.81  79.27  94.52  94.98  80.01  87.18  91.28  98.80  97.31  97.32  86.13  92.30  89.51  90.51  95.86  93.62  95.49  68.23  68.96  64.09  86.35  76.22  78.58  26.62  46.64  51.50  57.51  59.83  59.33  78.58  73.54  64.33  51.31  78.86  79.14  73.70  66.14  65.90  52.62  76.86  29.51  65.36  68.53  66.01  66.01  64.28  48.15  81.36  75.07  59.60  78.36  65.44  78.40  65.15  82.44  56.46  76.72  57.46  78.54  47.44    .00
SAEK{TK.KAM-TAI|Tai-Kadai,    87.86  82.29  81.00  80.50  88.36  94.01  88.28  92.18  91.41  94.44  95.60  94.85 102.05  96.67  80.09  91.94  91.72  83.59  87.30  87.40  95.60  93.74  98.72  82.00  95.68  84.05  91.85  94.46  93.49  92.71  63.93  67.72  68.52  91.60  75.68  80.82  62.15  63.72  67.60  65.38  65.32  64.72  76.28  78.20  64.54  64.59  80.72  83.16  70.61  63.51  54.03  68.32  75.99  61.19  71.71  66.40  64.79  64.79  53.85  58.10  89.11  80.46  60.78  70.99  72.39  81.93  70.11  91.05  66.96  68.18  67.43  74.29  50.88  69.39    .00
SAEK_2{TK.KAM-TAI|Tai-Kada    84.36  83.76  83.00  85.91  86.68  94.11  83.84  90.52  93.68  96.41  96.34  95.80 101.10  97.80  81.70  92.12  93.69  83.31  90.75  88.90  99.24  95.46  98.01  88.27  94.55  90.15  91.97  95.60  95.98  95.04  51.32  67.41  70.14  90.27  72.52  82.24  54.69  55.57  61.64  61.79  65.83  63.17  79.15  83.84  64.06  60.45  80.55  83.98  70.03  58.51  45.73  66.39  71.31  57.67  70.85  64.03  51.48  51.48  58.91  61.72  88.21  80.35  60.23  72.74  73.54  83.98  66.38  90.53  63.60  66.61  69.80  74.87  55.56  64.56  32.98    .00
SAEK_3{TK.KAM-TAI|Tai-Kada    81.49  77.40  76.07  83.63  87.22  91.77  84.92  91.37  91.46  94.65  93.57  94.41 103.23  99.16  80.23  91.98  91.50  75.68  88.95  89.08  97.58  91.03  96.55  85.09  92.20  84.92  85.88  95.21  92.91  93.61  58.46  62.18  67.88  90.40  66.29  74.04  51.04  54.75  57.35  61.57  60.37  58.97  74.61  79.26  59.42  56.03  76.36  75.97  69.50  58.45  51.91  62.85  67.90  52.49  62.67  64.00  58.62  58.62  50.15  54.93  83.84  80.29  56.85  67.06  70.37  77.45  67.33  84.40  57.57  64.14  58.56  66.99  43.77  59.34  13.91  18.57    .00
SANDONG_SUI{TK.KAM-TAI|Tai    89.74  87.44  87.77  83.72  89.80  96.94  95.01  88.64  96.27  97.78  94.46  97.99  96.35  99.47  86.05  97.06  99.14  75.00  87.74  86.62  95.42  97.17  96.54  81.15  97.17  85.87  95.20  98.67  90.66  94.32  90.65  85.86  83.50  65.71  83.76  62.52  84.46  83.38  83.22  80.26  80.54  80.38  72.03  65.86  82.32  83.09  66.28  67.55  82.49  85.85  83.99  81.30  87.78  78.81  85.29  89.93  88.89  88.89  79.23  78.97  68.09  86.52  83.40  62.15  85.44  56.48  85.85  68.25  82.04  91.99  84.05  84.13  80.91  84.87  80.83  87.05  79.39    .00
SHAN{TK.KAM-TAI|Tai-Kadai,    80.86  81.37  83.17  90.86  94.22  93.38  74.41  94.39  88.55  94.54  94.04  99.11 102.30  99.06  90.51 100.81  94.40  83.40  93.69  93.49 101.14  95.48 101.57  94.27  96.47  84.02  89.43 100.43  96.93  95.50  32.53  38.04  39.04  88.78  71.60  84.10  53.74  61.91  63.59  47.11  42.49  43.01  62.54  74.00  50.25  58.82  84.61  84.22  58.26  33.67  22.57  61.00  75.01  60.58  60.27  38.68  30.54  30.54  36.34  33.92  91.56  60.59  43.59  70.29  40.86  83.32  41.64  94.25  57.37  28.33  49.34  75.79  45.85  63.11  56.05  50.55  50.92  83.86    .00
SHAN_2{TK.KAM-TAI|Tai-Kada    88.38  89.07  91.19  92.55  91.66  93.78  82.83  91.72  90.64  94.20  89.46  94.41 101.22  95.57  89.34  98.67  91.80  83.79  95.01  91.95  96.66  98.20  97.96  96.07  94.56  91.85  88.41  98.11  92.19  94.82  28.70  50.48  49.77  90.89  77.49  89.33  61.99  67.48  70.49  53.37  51.96  50.51  71.25  84.07  52.30  67.47  89.40  90.09  58.00  41.06  32.31  70.31  76.28  67.20  61.14  47.56  33.27  33.27  42.58  46.66  92.71  64.58  48.24  75.60  49.03  89.02  52.10  96.88  63.11  34.27  58.31  80.98  55.30  69.00  66.56  54.20  63.12  90.22  15.32    .00
SHAN_3{TK.KAM-TAI|Tai-Kada    90.92  94.08  94.24  94.50  91.81  93.52  85.05  91.81  86.59  97.28  87.97  93.45 100.21  96.51  90.97 102.10  91.39  86.96  90.93  91.20  98.95 100.67  99.49  97.14  93.70  92.52  89.72  96.31  92.16  96.73  45.80  60.92  62.36  94.55  80.59  94.44  73.76  78.95  75.69  63.87  63.47  60.96  78.77  87.21  63.79  76.90  92.48  93.82  71.42  54.52  50.32  77.71  84.97  78.93  68.11  59.96  47.77  47.77  57.79  62.88  94.12  69.08  58.91  84.60  62.26  95.76  56.02  94.28  72.74  46.94  65.87  82.17  70.56  81.06  75.21  62.68  71.46  91.63  42.02  33.79    .00
SHAN_4{TK.KAM-TAI|Tai-Kada    91.32  90.59  90.33  96.15  94.32  91.94  90.42  97.45  90.73  92.62  91.77  97.72  99.82  97.95  91.51  97.55  93.53  86.61  93.59  93.11  99.95  95.55  98.65  94.90  95.65  92.13  93.02  95.11  92.50  96.80  44.97  54.25  50.83  92.99  81.67  89.25  66.02  71.50  73.86  54.40  52.95  54.42  74.18  86.05  42.01  72.03  90.10  89.43  56.81  41.22  44.56  72.26  81.15  71.74  58.32  43.54  47.11  47.11  42.90  45.97  92.28  69.10  56.90  76.64  49.61  90.00  53.16  96.08  67.31  22.18  55.39  82.76  55.57  73.79  70.47  66.38  64.06  89.46  31.34  32.96  50.15    .00
SHANGLIN_CENTRAL_HONGSHUIH    85.45  82.85  80.91  88.98  90.96  98.18  82.25  91.96  94.09  98.46  95.98  97.40 104.31  98.56  82.86  93.97  90.97  85.18  86.66  90.38 101.15  97.29  99.38  89.29  95.35  88.35  90.31  99.17  92.08  97.15  58.25  60.40  64.86  86.09  82.10  76.75  45.07  23.29  38.44  61.30  58.98  57.06  84.65  80.05  62.02  25.76  74.99  77.37  72.42  62.61  62.91  43.03  85.94  45.28  61.75  66.22  59.62  59.62  58.53  61.17  82.64  70.12  48.12  77.90  61.96  76.25  64.27  84.26  49.81  70.64  58.14  85.00  49.34  48.88  69.30  64.63  61.36  85.92  62.91  66.88  77.49  70.81    .00
SHANGSI_YONGNAN_ZHUANG{TK.    87.26  84.22  81.14  88.51  89.53  93.58  81.82  91.25  88.56  90.24  95.09  99.35 103.81  98.57  83.66  95.87  94.10  83.57  89.21  88.54  94.64  98.92  96.60  90.15  92.51  85.85  93.21 100.80  96.68  97.88  59.50  63.14  59.88  88.13  76.65  80.84  38.12  48.36  58.60  58.25  57.32  62.08  76.43  74.74  59.96  51.35  79.98  80.37  68.67  60.09  57.70  55.64  75.30  46.94  55.49  68.02  60.25  60.25  51.11  44.43  83.86  74.29  50.36  73.24  60.88  81.12  65.20  84.54  45.37  69.26  49.65  74.96  53.60  44.29  64.99  61.67  53.83  83.60  60.52  66.31  74.09  68.63  52.32    .00
SHUIQING_SUI{TK.KAM-TAI|Ta    88.39  85.48  86.59  80.33  89.25  92.12  94.35  87.24  91.96  97.09  95.87 100.62  94.46 101.28  85.93  95.10  99.85  71.05  86.20  85.29  99.37  97.41  95.88  78.65  91.75  83.87  91.34  98.15  90.93  98.18  89.10  79.66  81.42  57.29  79.65  58.85  79.22  78.91  76.92  78.91  77.57  78.58  70.60  53.64  79.18  79.71  62.99  56.39  81.48  85.93  82.44  75.13  87.49  77.27  82.10  90.87  86.50  86.50  78.87  77.53  56.31  87.90  79.83  65.47  85.09  51.10  82.38  56.48  82.09  91.40  82.02  80.83  78.37  79.77  79.56  85.19  78.24  38.51  84.40  90.25  91.80  89.39  82.08  81.49    .00
SIAMESE{TK.KAM-TAI|Tai-Kad    84.19  84.32  86.41  91.06  84.82  94.21  85.00  89.33  89.93  93.87  89.10  93.97 100.36  95.79  88.58  94.65  95.14  81.50  96.15  86.98  95.11  96.43  98.15  93.10  93.86  87.57  92.24  94.08  92.00  94.44  27.32  59.70  60.42  87.73  77.40  86.76  58.48  60.78  68.03  55.61  58.35  58.48  71.96  83.25  42.12  59.94  85.78  87.96  53.10  39.07  36.80  71.37  75.09  57.48  66.24  49.22  28.31  28.31  41.16  50.55  89.94  71.97  55.27  70.28  63.37  87.79  63.67  92.90  63.75  49.10  59.68  79.10  58.87  70.15  64.06  49.83  58.14  90.15  37.67  36.17  53.54  48.92  61.46  63.09  88.78    .00
SIAMESE_2{TK.KAM-TAI|Tai-K    81.73  77.61  80.91  91.43  88.35  93.00  85.09  90.52  88.57  92.10  86.00  91.84  99.19  97.24  89.61  97.09  94.54  77.31  94.91  88.93  94.02  93.15  94.40  93.10  94.01  82.66  87.60  96.63  87.01  95.45  39.05  52.41  57.29  88.72  72.27  80.41  59.67  60.20  65.83  57.05  53.88  54.67  66.59  78.44  31.45  58.01  83.54  82.35  52.43  36.76  39.71  68.88  72.13  57.73  57.66  43.76  41.36  41.36  29.52  38.67  87.04  69.92  50.86  64.80  59.16  82.32  61.06  87.51  59.91  41.31  46.00  73.15  42.15  67.45  56.24  59.52  49.35  84.31  33.07  42.18  57.86  38.93  61.28  57.83  82.01  27.19    .00
SONGKHLA_THAI{TK.KAM-TAI|T    86.00  84.99  86.62  96.59  94.38  94.12  91.18 101.26  92.04  94.87  91.81  97.18  99.62  98.40  91.33  98.44  96.37  84.22  95.05  94.26  95.02  95.12  97.81  95.55  96.91  88.06  89.77  98.94  94.24  96.49  49.77  62.76  62.14  92.00  81.67  88.93  71.70  73.13  75.87  62.81  60.14  63.09  72.63  85.66  30.51  71.41  88.34  88.76  55.21  47.27  51.33  81.06  81.03  71.66  63.49  56.43  53.78  53.78  39.26  50.39  91.14  75.27  60.78  71.06  63.04  90.04  63.52  92.08  71.27  43.29  61.28  80.68  55.12  78.48  69.96  68.58  60.18  88.59  47.91  48.08  63.08  39.00  71.93  71.25  86.14  40.38  22.95    .00
SOUTHERN_DONG{TK.KAM-TAI|T    92.90  91.24  90.52  87.27  83.98  92.29  96.26  89.06  92.43  94.42  95.60  94.85  96.85  99.63  85.73  94.35 100.68  80.61  90.82  86.33  97.56  97.71  97.03  84.32  93.84  86.15  93.41  96.57  93.95  94.84  84.41  79.76  76.90  76.33  87.56  76.29  81.12  80.99  78.29  76.49  77.94  79.60  62.66  43.54  81.10  79.09  79.30  76.14  80.48  82.59  80.74  76.96  91.95  80.22  87.05  85.30  81.35  81.35  82.04  82.90  71.49  85.23  80.77  79.56  81.20  73.70  82.91  76.29  82.00  87.12  82.68  90.33  80.88  81.29  80.02  85.21  81.37  70.29  77.85  85.34  87.09  86.66  82.43  80.69  67.32  82.97  81.55  85.30    .00
SUI{TK.KAM-TAI|Tai-Kadai,K    87.36  84.90  83.92  84.92  90.01  97.05  92.86  86.41  96.55  96.13  97.95  99.98  91.78 102.46  80.69  97.40 101.43  74.75  84.10  85.04 100.22  97.24  95.32  82.89  94.92  84.63  94.32  99.92  95.14  97.18  88.59  81.03  82.90  53.13  80.73  56.50  80.99  77.36  81.21  81.52  79.57  76.11  63.14  49.08  79.15  76.36  56.63  54.79  81.51  86.96  80.50  76.12  88.82  74.67  84.89  92.22  87.79  87.79  77.58  77.10  55.68  86.27  81.18  59.37  85.25  45.70  81.68  53.97  82.02  92.53  82.12  82.56  79.45  81.85  80.30  84.37  78.41  29.46  83.54  90.09  91.07  91.51  81.63  82.59  31.57  87.19  80.52  87.98  63.49    .00
SUI_JUNG_CHIANG{TK.KAM-TAI    86.95  84.19  89.28  80.66  86.76  93.21  90.48  86.23  91.57  92.22  89.98  95.06  98.31  99.80  80.93  95.67  95.04  72.82  87.94  83.75  97.57  93.41  94.19  80.89  94.13  86.83  93.40  93.22  93.32  94.48  78.18  74.69  74.43  65.53  74.96  53.55  74.12  77.82  79.14  73.97  73.47  72.71  43.12  50.72  77.01  77.51  54.54  57.65  75.89  73.38  70.29  76.09  78.55  72.03  78.25  78.26  74.98  74.98  67.47  64.55  64.37  81.25  73.66  42.72  78.81  44.54  78.01  64.60  73.51  79.90  73.66  79.25  71.01  77.48  70.19  72.26  67.74  40.69  69.20  74.82  82.32  76.86  81.00  74.14  39.79  76.99  69.97  76.59  70.20  32.18    .00
SUI_LI_NGAM{TK.KAM-TAI|Tai    85.14  82.21  87.37  80.58  85.10  92.11  90.31  83.97  88.37  92.69  89.05  95.93  99.33  98.88  80.12  95.59  94.69  70.52  87.28  81.17 101.09  93.37  94.03  81.13  92.14  83.09  93.75  92.92  93.41  93.56  76.75  75.62  75.52  65.11  74.59  52.83  74.16  76.53  78.78  71.68  70.68  74.06  47.43  53.43  77.00  76.06  54.63  58.71  75.82  73.50  68.80  77.24  78.11  73.16  76.61  75.91  72.78  72.78  65.57  64.37  64.00  81.26  72.19  40.50  79.24  42.93  79.08  64.20  71.93  81.21  72.01  78.47  70.23  77.04  71.56  74.81  70.15  43.51  70.93  76.27  83.75  78.16  79.33  73.41  35.70  76.18  69.46  75.12  71.43  37.21  12.71    .00
TAI_CHIENGMAI{TK.KAM-TAI|T    83.99  83.66  86.56  89.29  86.75  92.06  82.73  88.22  88.77  93.35  90.57  96.73  97.77  95.52  91.11  94.09  94.02  83.11  95.23  88.30  97.75  95.81  97.66  90.29  92.62  84.36  90.07  94.80  92.65  95.16  20.01  51.90  56.27  88.66  77.00  83.79  56.86  56.10  62.88  51.04  50.82  51.81  67.57  81.94  42.17  55.20  82.48  84.89  54.98  35.14  26.34  65.19  78.59  59.32  62.00  43.77  23.30  23.30  35.66  44.79  90.63  63.85  42.03  65.61  56.93  83.13  57.11  92.43  57.10  41.96  54.39  78.39  53.97  66.72  61.63  49.61  56.25  87.44  26.34  30.29  48.91  43.45  54.96  59.47  84.69  20.74  23.95  44.31  80.46  84.59  71.15  70.28    .00
TAI_DAENG{TK.KAM-TAI|Tai-K    90.85  90.65  91.63  97.70  92.22  94.77  89.64  94.99  93.96  93.46  93.81  96.79 103.17  95.11  93.95 100.55  95.43  87.41  97.24  89.67  99.81  99.82 101.86  99.57  96.90  92.13  89.87  97.48  89.33  99.09  48.65  56.78  52.68  92.80  86.32  85.61  65.76  72.88  73.88  56.83  55.03  51.04  71.22  80.47  55.23  73.64  88.99  83.61  61.42  49.39  49.66  73.35  86.16  69.74  65.31  53.65  48.57  48.57  48.38  56.96  90.61  70.31  53.58  76.27  56.81  87.85  54.85  90.99  65.18  48.18  61.78  86.59  60.98  75.56  65.51  68.65  61.81  89.39  36.15  49.88  57.41  46.52  72.38  66.30  88.67  51.98  52.04  56.45  84.80  86.47  75.50  76.89  49.13    .00
TAI_KHUEN{TK.KAM-TAI|Tai-K    88.73  86.70  88.17  96.18  94.00  92.90  89.37  98.86  92.58  92.93  95.21  96.60  99.05  97.39  91.72  97.85  94.08  85.11  92.91  91.48  98.26  98.28  98.22  94.42  95.87  90.32  90.57  97.11  92.24  98.34  48.60  52.08  51.10  92.11  80.02  88.23  65.76  68.95  72.76  55.57  49.87  54.12  69.28  80.99  39.01  68.77  87.84  88.03  54.47  43.53  50.77  71.36  78.71  68.05  57.75  41.63  47.20  47.20  36.09  43.48  91.54  66.88  51.63  74.94  52.38  87.53  52.51  94.38  63.55  33.52  55.20  79.46  51.74  72.19  65.90  66.68  60.14  87.24  32.23  37.89  55.39  20.23  67.72  63.93  86.49  49.55  35.17  36.25  83.36  87.23  72.13  74.15  42.66  44.40    .00
TAI_LEI_PING{TK.KAM-TAI|Ta    85.59  86.05  88.89  91.91  89.40  94.50  80.38  92.83  91.43  93.42  93.83  96.56 100.84  98.76  87.45  97.95  89.10  81.24  94.55  89.53  96.74  95.26  95.98  95.06  94.12  88.33  92.71  97.02  92.33  96.06  41.90  56.12  62.05  90.85  73.17  83.24  54.81  55.91  65.10  57.15  58.08  62.76  74.88  81.77  59.08  58.31  81.69  85.50  69.09  51.10  45.26  67.68  75.67  62.89  56.12  60.43  35.74  35.74  36.64  44.24  89.33  75.57  50.55  72.06  63.39  81.59  69.30  91.20  53.59  52.14  53.73  80.83  56.13  65.92  69.11  56.36  59.03  88.16  40.91  37.74  55.32  55.06  56.69  54.69  86.40  42.03  45.93  60.07  84.21  87.54  76.39  74.67  38.00  63.12  55.92    .00
TAI_LUNGCHOW{TK.KAM-TAI|Ta    83.44  86.24  89.34  92.92  91.16  94.23  80.42  94.54  92.84  95.29  91.87  94.45 103.15  96.19  90.64  98.57  90.51  83.44  94.40  92.43  98.44  96.04  96.95  93.81  93.45  88.68  91.93  97.78  92.17  98.11  37.49  57.35  59.46  90.30  76.00  85.64  59.98  59.56  64.47  56.03  57.64  60.93  72.61  82.46  56.27  58.59  82.38  85.85  64.46  50.89  42.74  69.95  77.41  64.01  54.41  55.84  34.89  34.89  26.48  43.23  90.31  72.28  51.81  71.90  61.57  84.96  67.28  89.95  54.21  50.82  50.35  80.59  57.80  70.78  70.82  58.42  60.85  87.15  37.06  37.09  54.25  54.02  58.11  60.32  85.95  39.19  40.60  54.07  83.46  85.78  76.16  74.44  33.44  57.28  51.41  21.71    .00
TAI_LUNGMING{TK.KAM-TAI|Ta    86.67  87.50  90.86  91.07  90.23  91.46  83.12  92.26  96.00  92.99  95.51  96.85 101.91 100.16  87.74  99.34  92.54  82.85  93.64  91.07  96.75  97.42  96.56  94.85  95.20  90.33  94.00  97.29  93.45  95.17  46.31  59.71  62.85  89.91  77.08  83.71  50.47  59.05  65.96  63.01  64.10  65.49  74.13  82.63  64.96  59.50  82.59  85.38  69.93  55.95  50.26  68.57  79.77  57.84  63.86  63.09  46.30  46.30  45.26  26.66  88.49  76.89  56.90  72.44  63.38  83.09  70.01  92.51  53.69  52.91  54.26  83.91  48.29  59.26  72.47  61.47  63.40  86.53  42.42  39.91  57.76  57.11  59.55  52.57  86.04  49.86  51.97  63.82  84.21  84.81  74.25  74.01  44.79  62.09  57.77  28.14  32.01    .00
TAI_NING_MING{TK.KAM-TAI|T    86.79  85.96  88.51  91.53  88.12  92.96  85.41  90.93  90.96  93.52  95.64  98.21 102.59  98.10  88.33  97.51  93.49  80.08  92.90  89.68  97.32  93.79 100.06  91.78  95.19  89.79  97.67  96.50  95.57  98.18  46.51  64.84  64.92  86.78  79.89  85.57  55.55  57.80  65.11  59.39  60.43  63.92  74.90  83.89  66.14  58.40  81.51  87.90  72.16  55.72  47.70  66.13  80.50  62.35  63.52  56.92  43.04  43.04  46.09  47.73  87.86  80.50  55.62  73.79  66.29  82.32  70.55  90.52  47.52  57.83  56.20  87.66  55.58  62.79  71.03  58.72  60.62  86.92  45.40  48.86  60.24  61.16  56.21  49.71  87.57  47.36  52.83  66.93  82.15  88.65  76.96  75.21  44.27  66.48  62.97  31.94  34.33  34.12    .00
TAI_NONG_KHAI{TK.KAM-TAI|T    85.57  86.21  87.72  89.92  86.22  94.63  83.75  88.48  89.71  93.19  91.96  97.24  97.16  95.40  89.83  94.36  95.15  84.94  95.81  88.70  96.83  97.22  97.42  92.88  95.01  86.79  93.22  95.10  93.04  94.26  19.94  56.44  60.05  89.18  76.80  84.78  57.65  61.50  65.36  53.68  56.38  54.84  68.51  82.10  42.72  61.10  83.14  84.98  56.02  32.21  28.66  69.96  75.46  60.24  64.41  48.19  25.02  25.02  40.97  47.98  92.31  71.42  51.85  67.76  62.83  85.05  63.27  94.97  60.94  45.40  56.25  79.43  55.39  68.38  61.72  47.87  55.32  88.52  32.53  32.12  49.66  46.01  60.23  60.14  86.98  17.73  27.56  46.11  81.26  86.26  74.34  73.52  14.52  49.83  47.80  39.32  38.00  47.83  45.24    .00
TAI_PING_SIANG{TK.KAM-TAI|    84.98  87.22  90.25  91.82  89.85  95.22  82.05  93.13  91.92  93.29  93.47  95.33 103.10  97.08  89.02  98.48  89.54  82.91  94.86  90.82  98.19  96.32  96.76  94.76  93.91  90.16  93.31  97.17  91.48  97.76  36.36  57.93  60.24  90.44  75.39  84.19  56.90  57.10  64.13  53.72  56.38  61.68  73.52  83.96  59.02  57.28  80.82  85.20  66.29  49.44  44.81  67.84  76.75  63.15  52.66  55.76  32.37  32.37  29.72  41.67  89.22  73.48  49.59  71.17  62.27  84.10  68.19  91.79  49.64  49.29  50.32  82.82  54.93  67.70  68.57  54.36  59.48  89.19  39.85  33.70  50.20  52.89  56.26  57.09  86.90  39.00  44.59  58.28  83.95  88.61  75.76  74.09  34.59  58.29  53.03  15.75  13.46  26.99  30.96  36.29    .00
TAI_PO_AI{TK.KAM-TAI|Tai-K    88.15  86.37  85.45  87.78  85.26  92.59  83.80  86.36  95.66  99.25  95.24  96.00 103.20  96.95  89.98  93.75  91.14  78.38  95.51  87.64 101.59  96.45  99.22  88.71  94.96  86.84  90.35  96.66  90.86  92.78  46.17  58.79  58.81  87.19  77.36  79.54  39.43  41.69  40.71  56.20  59.22  58.65  74.39  79.50  60.32  41.89  80.97  80.82  71.12  53.47  49.94  48.35  80.05  41.03  68.96  55.89  43.07  43.07  50.88  42.11  85.81  74.44  52.87  72.45  61.42  81.70  65.74  88.06  56.47  61.11  62.62  84.86  26.07  46.50  60.33  48.24  52.73  84.56  44.89  49.89  66.88  61.91  43.07  57.04  82.50  46.31  52.94  64.43  81.80  83.15  76.46  75.91  41.42  62.18  59.74  44.53  45.09  41.23  45.97  43.59  42.42    .00
TAI_WESTERN_NUNG{TK.KAM-TA    86.30  86.52  88.20  91.72  88.49  93.51  83.83  89.68  91.23  93.73  92.13  94.50 101.42  94.49  87.45  98.24  92.52  87.36  91.86  90.81  98.15  96.40  97.86  90.39  93.79  88.54  92.00  95.58  96.67  96.80  37.63  60.15  60.27  90.41  78.99  88.41  56.06  59.42  69.25  57.34  58.78  63.06  75.42  85.95  58.73  56.61  84.46  88.95  65.36  54.66  41.77  65.55  80.23  59.40  66.09  57.74  37.84  37.84  40.60  47.30  92.41  72.92  52.90  75.21  60.76  88.22  67.53  93.95  57.76  54.39  55.38  83.15  65.60  65.14  68.83  59.75  64.89  90.01  40.31  41.07  57.30  60.19  61.86  57.47  89.47  39.05  48.12  58.38  84.90  87.71  80.70  79.42  30.23  61.73  56.72  38.19  30.95  44.09  43.63  37.90  34.93  46.40    .00
TAI_WUMING{TK.KAM-TAI|Tai-    84.44  83.37  83.01  91.34  87.27  95.28  84.80  90.51  91.28  94.00  92.94  92.33  98.76  94.82  88.16  98.49  93.49  79.08  94.16  90.73 100.04  93.33 100.49  88.86  96.74  84.42  93.44  98.10  93.07  97.37  57.82  69.59  69.40  85.65  79.56  85.69  59.71  48.50  57.99  64.75  62.83  69.37  75.36  81.23  67.81  51.43  82.07  86.45  75.24  63.70  57.60  64.80  81.00  56.79  71.37  64.81  52.63  52.63  51.68  58.89  86.43  81.98  58.70  73.23  69.10  87.45  74.14  87.99  60.37  67.31  66.53  82.54  53.40  65.55  59.93  46.11  48.78  85.65  49.65  60.44  74.29  68.03  55.96  56.42  88.59  50.83  52.79  64.07  85.37  87.01  79.84  78.13  49.80  71.55  65.40  47.65  43.43  55.03  48.49  53.69  45.97  40.94  46.77    .00
TAIYANG_AI_CHAM{TK.KAM-TAI    92.56  89.48  91.91  85.20  91.22  91.75  96.52  87.08  93.47  98.98 104.28 102.26  98.42  99.53  80.53  92.40  99.10  75.84  81.09  87.87 100.21  96.29  97.71  81.03  88.77  92.79  93.71  96.04  92.26  94.60  88.24  86.82  87.23  70.64  86.36  36.57  82.58  77.55  84.16  81.29  81.56  81.02  71.61  68.60  87.72  78.14  20.99  30.97  87.46  88.56  86.53  81.67  92.51  78.39  83.28  88.36  83.75  83.75  85.01  84.72  66.93  94.31  84.91  42.56  89.16  48.32  84.24  68.68  80.76  93.64  81.67  87.83  84.33  82.74  80.16  84.10  80.73  65.75  85.13  92.85  95.24  93.16  79.41  84.61  57.21  86.86  86.30  91.27  75.62  54.08  54.40  54.53  85.94  90.08  90.82  83.87  83.86  84.99  81.65  84.15  83.65  82.80  87.04  84.18    .00
TAIYANG_AI_CHAM_2{TK.KAM-T    90.87  86.42  88.53  87.75  90.89  95.27  96.71  86.58  94.34  97.52 102.61 105.03  98.54 100.23  83.43  94.79 100.88  76.68  83.59  85.36 100.63  97.33  97.92  81.95  92.01  87.66  95.57  99.02  89.26  97.90  86.60  84.31  85.78  67.64  83.25  35.82  80.81  78.03  81.17  80.48  80.84  75.96  74.74  65.63  84.66  78.56  27.41  30.43  86.51  88.79  86.34  80.00  90.49  77.98  82.83  90.46  84.06  84.06  83.67  83.19  62.29  90.70  82.33  49.68  87.32  51.03  84.13  64.80  81.05  95.07  80.45  84.74  80.28  81.31  82.65  85.77  79.48  67.05  88.10  94.84  96.92  94.17  78.75  82.71  53.97  86.97  83.80  91.24  71.51  50.39  58.34  58.08  85.82  86.38  92.52  87.61  87.51  88.83  87.28  84.22  87.92  81.85  88.86  88.61  12.55    .00
TAY{TK.KAM-TAI|Tai-Kadai,K    80.36  81.89  82.48  87.75  94.45  98.22  81.04  92.30  92.96  98.24  91.14  96.93 101.88  96.06  86.11  98.91  93.56  83.24  86.53  93.69  97.90  95.24 100.70  85.67  96.83  89.34  91.06  97.32  96.67  95.26  56.36  69.88  65.50  92.80  74.28  82.09  60.22  63.73  63.56  63.04  60.61  61.03  83.26  85.67  61.81  64.47  80.02  83.04  71.06  55.64  48.27  70.65  76.06  62.84  59.38  68.43  64.15  64.15  50.87  52.54  89.16  78.41  56.25  75.98  66.30  80.72  64.80  88.72  55.23  66.42  57.16  75.41  65.50  63.41  64.75  63.11  53.53  84.34  50.81  60.33  67.87  65.35  64.59  60.40  82.02  64.15  56.80  64.32  88.17  82.09  77.79  78.02  54.99  64.81  67.36  62.95  59.78  64.67  64.55  60.48  62.37  68.85  60.82  63.45  82.45  83.23    .00
TEN{TK.KAM-TAI|Tai-Kadai,K    85.72  83.41  86.12  84.31  90.44  94.51  87.41  84.47  95.72  96.47  89.93  93.90  95.28  99.81  78.77  97.25  93.46  70.74  87.29  86.76 101.24  95.08  94.78  83.53  94.88  86.30  93.06  95.71  92.67  95.57  79.59  76.85  77.05  58.83  78.21  56.54  77.19  79.63  80.02  77.15  76.00  77.77  51.53  52.18  78.79  79.45  52.89  58.34  78.28  77.47  73.20  78.10  81.86  71.94  80.59  80.18  76.53  76.53  69.92  67.09  59.68  86.92  78.40  45.44  80.70  54.17  79.45  60.52  78.94  80.86  74.61  78.98  72.26  74.99  72.16  76.01  71.44  53.07  73.30  77.06  84.52  78.89  81.62  78.90  44.38  77.79  71.76  77.49  74.05  44.68  29.80  28.79  74.95  79.37  76.51  78.76  78.61  76.99  78.59  76.37  78.11  77.57  83.42  81.62  58.11  58.29  77.91    .00
TEN_2{TK.KAM-TAI|Tai-Kadai    93.02  89.64  89.31  83.01  90.65  94.57  95.04  89.63  94.42  97.22  97.22  99.98  98.00 100.59  75.70  93.82  99.24  76.24  79.36  89.38  96.67  98.96  97.18  82.88  94.10  90.80  87.51  98.29  97.42  93.62  87.12  83.55  83.06  60.53  85.33  62.86  81.72  73.71  80.14  83.21  79.32  81.18  65.45  56.33  83.63  77.34  64.44  63.21  82.33  86.04  81.70  80.61  85.56  76.04  82.34  89.99  86.68  86.68  81.45  80.32  59.66  89.74  81.06  58.61  83.75  51.73  83.88  61.60  86.19  91.95  82.90  83.62  79.18  81.06  80.64  81.23  77.75  49.10  85.53  85.97  93.89  92.32  78.35  83.96  46.70  85.25  81.59  87.48  70.80  37.41  44.36  47.88  85.79  90.49  88.19  84.99  84.92  83.59  84.25  85.38  86.70  80.33  87.50  80.05  55.78  57.27  81.89  42.27    .00
THAI{TK.KAM-TAI|Tai-Kadai,    83.33  79.42  79.05  94.28  89.38  93.13  88.22  96.13  89.06  93.27  91.84  97.84 100.98  99.86  82.81  98.93  98.81  82.28  86.42  88.18  94.93  97.62  99.06  94.47  94.69  85.45  89.49  98.72  89.77  93.67  53.59  54.32  60.46  88.14  74.71  79.52  64.62  67.16  72.58  57.85  55.61  55.02  78.07  75.06  35.10  63.90  82.62  79.54  48.90  52.59  57.95  75.57  74.57  65.55  58.48  68.00  57.78  57.78  44.97  57.80  84.07  71.48  53.59  77.77  62.96  82.68  58.09  83.75  63.14  55.54  58.19  76.06  59.76  74.52  63.54  65.04  56.55  81.50  50.65  55.89  66.53  51.86  66.97  64.78  77.26  47.06  35.07  41.60  79.51  72.86  72.84  76.01  51.78  57.88  49.47  59.96  59.08  65.56  69.27  50.01  59.97  68.99  65.25  70.11  85.14  82.00  62.82  78.40  79.22    .00
THAI_2{TK.KAM-TAI|Tai-Kada    84.42  83.50  85.86  95.83  90.87  95.44  89.41  96.13  93.20  96.00  94.62  96.86  97.39 100.51  89.23  96.91  97.17  85.22  96.12  90.68  95.33  98.68  97.49  99.59  98.92  90.23  89.92  95.51  90.35  96.12  52.45  57.88  64.88  87.41  81.41  91.28  69.35  69.09  74.92  61.56  56.51  61.17  78.06  83.22  44.60  67.85  90.49  91.18  60.35  47.00  53.40  77.97  79.65  69.81  61.78  59.97  49.07  49.07  40.97  52.58  86.63  72.75  55.46  75.50  66.03  90.68  65.72  88.97  69.31  52.82  59.80  81.99  58.97  78.42  68.81  60.59  58.76  90.74  48.48  51.09  63.78  45.43  68.24  65.74  87.96  38.32  33.41  40.53  90.34  86.44  74.75  74.80  45.25  55.96  41.34  53.84  53.36  62.07  64.41  46.92  53.42  65.37  57.56  55.85  91.73  93.31  71.34  78.67  83.83  39.73    .00
THAI_3{TK.KAM-TAI|Tai-Kada    84.32  83.27  85.95  89.74  87.51  95.95  88.15  94.38  91.54  93.69  91.30  93.70  99.07  97.68  90.25  95.57  96.65  82.31  95.61  89.76  96.10  97.62  98.05  91.07  95.53  84.11  91.23  96.32  90.83  96.79  43.04  63.18  57.54  88.03  77.61  84.82  64.85  64.20  71.79  52.04  53.68  58.06  68.90  80.68  41.62  60.49  85.41  85.36  52.09  28.57  40.89  74.04  77.66  60.94  64.50  50.90  46.64  46.64  40.02  51.80  87.34  68.62  52.95  70.48  59.87  88.37  63.41  90.32  62.14  49.59  60.40  79.00  54.90  72.83  65.16  58.46  55.67  83.44  38.58  45.93  60.06  49.47  64.65  61.57  84.28  32.75  26.87  39.11  78.93  82.64  70.12  69.93  36.53  53.16  47.47  53.83  50.37  57.42  57.70  37.09  51.58  53.74  51.29  52.68  88.60  88.70  61.44  73.29  81.21  46.77  40.08    .00
TIANZHU_SHIDONG_NORTHERN_D    92.18  90.22  86.77  95.03  92.33  97.11  95.21  91.94  94.30  97.93  93.03  91.87  96.43 101.14  84.35  97.27 102.78  80.17  87.37  90.96  99.33  98.44  97.39  86.46  99.51  91.34 100.12 103.61  94.86  92.77  88.38  86.62  84.92  72.11  82.69  76.48  88.11  85.75  79.74  85.79  84.92  84.29  55.34  42.69  87.04  86.33  77.61  76.41  85.85  88.45  82.42  82.35  88.30  86.44  92.81  89.54  89.39  89.39  89.50  86.26  72.22  89.95  85.38  75.74  88.07  75.47  85.74  72.30  87.92  93.06  89.95  85.47  82.88  87.06  83.38  88.57  85.74  65.09  81.96  89.42  92.14  91.67  87.84  84.64  66.16  88.69  87.26  93.64  59.58  60.26  64.52  63.24  89.17  89.88  89.24  89.40  91.41  88.27  87.54  87.03  91.40  83.97  93.23  86.51  72.17  73.51  92.41  63.06  67.02  85.52  90.49  85.72    .00
WANGMO_BOUYEI{TK.KAM-TAI|T    82.80  79.04  77.78  85.49  89.38  96.59  83.18  86.59  92.72  93.70  96.74  97.30 100.78  97.82  85.75  93.48  95.10  82.74  89.77  85.60 101.03  93.69  98.97  86.13  94.76  85.70  92.76 100.94  90.29  97.00  65.92  68.30  67.47  86.24  78.45  79.12  53.28  43.68  48.18  62.02  62.27  61.83  84.40  79.22  64.20  41.35  79.59  79.13  75.93  67.78  64.52  50.48  82.17  52.64  64.81  71.60  65.79  65.79  61.99  65.12  80.20  78.91  61.31  79.70  67.13  78.78  70.61  84.03  56.08  78.23  64.36  79.04  52.62  56.98  66.09  60.62  57.22  85.73  63.76  74.55  81.47  77.85  45.55  57.46  80.65  67.07  66.35  77.32  82.51  79.93  78.58  77.03  63.65  76.66  74.73  64.98  64.90  69.78  68.29  64.79  64.59  46.49  63.69  55.92  80.76  76.59  68.64  81.97  81.33  71.12  70.19  68.63  85.84    .00
WHITE_THAI{TK.KAM-TAI|Tai-    75.84  78.48  76.47  85.31  89.24  89.75  72.25  89.73  83.99  92.78  91.22  95.96 101.44  96.65  87.36  97.16  92.83  79.08  90.72  88.17  97.81  94.96  97.11  88.30  91.02  85.11  90.77  99.04  91.81  92.33  20.11  50.73  51.35  90.11  69.21  84.07  55.31  57.13  61.86  46.64  38.91  36.74  66.10  77.60  46.24  53.54  84.00  81.80  55.42  32.04  23.00  63.75  72.62  61.21  59.25  43.13  27.16  27.16  31.72  39.39  91.50  62.11  39.43  67.80  50.86  81.72  49.90  94.41  54.89  41.94  50.59  70.94  45.67  63.66  55.39  46.34  46.70  85.12  25.72  34.38  49.83  44.62  57.50  55.80  83.18  35.75  34.54  49.66  81.73  80.55  70.49  68.78  23.85  42.51  44.67  42.79  35.53  47.54  47.01  27.50  41.66  42.90  34.90  49.62  87.64  82.75  45.26  76.49  85.22  52.16  52.75  42.38  85.02  54.04    .00
WHITE_THAI_2{TK.KAM-TAI|Ta    86.43  87.12  88.05  88.92  87.65  93.05  81.23  90.11  87.75  92.71  91.66  95.17 101.92  95.22  88.14  96.35  92.08  85.17  94.69  88.39  96.12  96.23 100.27  91.29  93.28  90.76  92.02  97.46  90.48  95.24  21.26  51.93  54.43  92.49  76.03  85.87  58.14  60.01  66.93  45.20  46.23  38.33  72.68  84.93  52.19  60.19  84.95  84.86  57.05  41.61  37.97  68.84  79.06  63.51  61.83  45.73  17.32  17.32  38.72  49.95  91.51  62.34  40.41  70.03  55.36  87.67  56.83  96.70  55.96  45.15  57.78  79.85  55.59  65.74  61.72  51.10  58.12  88.73  32.38  32.55  45.66  48.24  56.57  61.31  87.94  31.96  45.00  54.67  84.65  88.37  76.59  75.27  23.44  47.68  48.79  40.72  37.61  48.92  46.12  25.25  36.59  43.95  34.52  56.09  86.93  84.87  58.88  79.65  87.16  57.38  53.37  48.35  90.30  64.08  18.75    .00
WHITE_THAI_3{TK.KAM-TAI|Ta    80.34  77.24  80.05  90.30  91.49  91.51  82.26  92.75  87.47  91.84  89.43  95.30 101.58  98.27  86.92  96.79  91.97  80.58  92.11  91.31  98.01  93.47  98.36  90.61  93.34  85.69  88.99  95.80  89.19  93.59  36.39  43.32  50.57  91.49  71.95  79.53  55.65  57.19  62.96  43.37  38.58  36.93  64.80  76.45  39.42  54.60  83.50  81.95  51.88  35.96  38.39  65.60  74.17  56.71  51.48  32.34  26.99  26.99  21.75  33.79  87.60  60.08  37.37  63.58  52.03  79.70  54.17  89.19  52.31  38.78  41.80  72.52  40.97  62.58  52.56  56.54  48.92  83.70  30.44  41.16  56.50  36.73  55.65  51.34  82.20  37.40  23.03  35.44  80.69  80.97  68.83  67.18  30.72  46.89  31.91  44.76  37.62  52.15  49.39  31.47  41.50  50.90  44.83  52.83  86.37  83.35  50.56  71.63  84.88  44.29  38.70  37.81  87.14  60.03  22.31  25.63    .00
WU_MING{TK.KAM-TAI|Tai-Kad    80.81  78.65  80.99  92.81  88.46  94.53  85.62  91.34  90.11  95.40  92.79  92.90  97.21  95.37  87.64  97.28  94.81  77.67  92.42  90.97  97.96  94.53  98.50  90.58  96.37  82.81  92.05  98.63  92.78  96.76  61.64  64.56  69.71  86.92  76.81  84.97  62.78  51.36  62.45  62.16  58.68  65.27  71.23  77.26  59.48  54.04  85.17  87.05  68.45  57.79  52.51  63.53  80.10  59.40  64.58  58.68  55.31  55.31  43.38  50.07  85.68  81.20  60.87  71.76  69.26  84.67  72.79  85.70  59.76  63.62  58.70  77.97  41.83  67.06  54.88  53.15  47.81  82.25  52.85  65.83  74.60  63.71  60.08  55.74  83.53  52.79  42.74  53.84  84.14  80.78  75.74  73.97  53.41  67.80  58.47  57.11  53.12  62.65  56.91  55.17  56.83  53.76  54.98  29.24  85.77  86.37  62.24  77.43  78.79  59.54  51.04  50.89  85.20  58.23  44.75  58.20  42.26    .00
WUDING_TAI{TK.KAM-TAI|Tai-    84.39  82.63  82.89  89.54  89.46  91.09  85.84  92.92  90.13  91.72  94.76  99.62  98.08  95.69  85.51  94.37  92.61  77.17  92.19  87.40  96.59  95.54 100.88  87.97  93.75  85.65  86.21  98.58  89.62  95.37  55.02  42.36  34.90  91.23  74.80  81.16  57.65  60.06  67.98  44.47  34.64  35.24  77.72  75.67  49.75  59.60  86.10  83.40  57.84  53.12  52.06  63.33  78.33  60.48  54.95  49.83  50.92  50.92  48.19  57.48  87.61  40.32  29.69  82.76  36.77  81.10  42.84  90.70  57.06  50.10  59.50  76.74  61.05  66.53  67.06  66.29  64.52  83.26  37.62  50.73  60.58  50.23  58.20  60.30  79.77  59.12  58.41  60.25  79.09  80.09  74.26  75.60  51.50  50.62  47.00  62.67  58.92  65.12  67.45  56.74  60.09  60.81  62.10  70.02  86.87  85.59  65.97  81.85  81.96  56.34  56.13  56.90  85.70  67.19  43.56  48.92  43.27  69.33    .00
WUMING_YONGBEI_ZHUANG{TK.K    77.05  77.82  78.43  88.82  91.30  96.38  82.99  92.98  94.02  96.03  90.78  91.16 100.77  95.80  84.28  93.59  93.95  81.08  91.76  90.26  97.15  95.74  99.96  88.77  94.07  84.56  90.09  97.49  90.35  96.46  60.71  62.73  63.61  81.98  74.73  80.80  51.47  38.10  42.42  59.22  59.07  57.72  82.59  74.69  58.69  29.18  78.72  80.73  70.07  62.56  60.15  54.96  78.72  50.18  62.67  65.64  60.14  60.14  54.35  61.86  79.82  75.02  52.96  78.62  62.14  80.26  65.95  82.05  53.32  72.17  59.22  78.93  52.21  58.35  62.55  57.41  52.13  82.31  57.82  69.50  78.47  70.26  43.32  56.00  80.15  57.16  55.39  68.51  80.55  77.37  78.02  76.10  55.93  68.81  67.28  58.47  58.08  62.25  61.35  60.18  57.16  47.87  58.25  44.89  80.06  79.52  63.56  81.64  81.56  63.34  62.99  58.54  88.20  44.95  53.44  61.86  53.48  46.15  59.29    .00
WUMING_ZHUANG{TK.KAM-TAI|T    82.24  80.12  81.10  88.52  89.84  94.28  84.33  92.54  92.26  97.60  94.36  94.49 100.46  98.19  83.98  94.07  93.60  77.27  90.26  90.54  97.18  94.06 100.75  88.12  94.09  83.62  90.26  97.85  92.07  95.13  64.24  63.33  67.19  83.43  75.98  78.18  47.22  32.22  33.49  61.89  61.73  60.34  80.75  78.43  66.16  26.34  77.03  80.08  73.83  64.90  61.64  53.17  78.60  46.24  63.99  69.70  61.19  61.19  55.05  58.99  79.45  77.09  56.34  78.32  68.24  78.47  69.59  83.85  51.87  75.76  61.26  81.64  50.07  52.95  61.57  59.44  53.04  81.49  58.05  69.22  75.90  74.89  39.52  53.96  79.13  62.13  58.90  74.25  78.02  79.29  79.77  78.24  58.07  73.32  72.60  58.22  59.91  62.48  58.35  62.28  58.66  41.35  60.52  46.44  77.81  78.13  65.05  82.29  77.64  66.82  65.99  63.15  83.10  43.55  52.85  61.42  55.73  50.13  64.65  25.20    .00
XIANAN_MAONAN{TK.KAM-TAI|T    86.56  85.11  87.02  85.33  92.88  95.06  94.08  87.39  91.99  93.11  97.20  99.72  95.07  98.50  86.40  93.43  95.87  72.77  89.29  86.80  98.87  93.17  95.41  81.33  91.79  87.92  95.02  92.85  92.54  98.67  88.24  83.18  84.23  65.22  80.78  51.15  80.68  79.93  79.56  77.36  79.56  79.60  68.53  64.52  84.23  80.00  51.01  54.48  86.18  88.37  83.71  74.83  88.14  79.03  84.57  85.44  83.26  83.26  81.00  81.83  60.98  89.22  81.99  53.36  86.93  12.01  82.48  63.51  78.69  90.40  81.18  83.00  78.57  82.33  80.79  83.70  75.31  54.37  83.12  90.97  96.78  90.56  80.13  81.81  52.05  87.88  81.91  90.49  72.53  46.22  48.46  46.87  83.47  88.71  88.41  85.28  85.89  85.65  81.95  85.26  85.59  83.21  89.43  87.42  47.26  50.86  82.54  57.46  56.44  82.71  89.48  87.86  77.31  77.76  84.13  87.80  79.37  84.31  82.71  81.41  79.41    .00
YANG{TK.KAM-TAI|Tai-Kadai,    84.44  83.73  85.24  89.91  91.49  95.88  85.40  94.95  93.14  95.59  91.20  93.14 103.63  96.32  91.81  96.29  92.78  85.98  97.39  86.45  94.80  93.38 100.45  91.06  97.14  90.44  94.08 100.05  89.85  95.99  38.20  65.33  50.68  95.48  78.40  87.39  61.18  66.51  68.13  40.88  44.85  42.41  76.10  84.25  46.35  65.43  87.56  87.88  60.48  39.67  36.78  73.01  78.56  65.61  58.48  35.23  40.70  40.70  36.87  47.32  91.23  66.17  50.13  73.24  54.67  87.98  58.42  95.30  62.69  46.79  50.83  79.70  52.27  66.49  59.73  56.53  54.18  88.54  38.74  41.82  58.30  45.18  67.05  63.17  88.51  45.96  40.41  51.60  85.40  90.02  77.71  76.26  39.73  51.96  44.98  52.12  48.86  58.40  55.10  41.62  49.04  52.22  49.65  60.63  89.22  87.23  61.33  81.33  92.21  62.21  55.11  45.02  89.71  64.30  33.34  35.06  27.50  55.80  51.80  61.51  64.08  87.00    .00
YAY{TK.KAM-TAI|Tai-Kadai,K    84.68  83.83  83.43  87.85  85.41  93.97  83.45  86.41  91.53  96.94  96.17  97.37  99.64  94.31  88.76  90.62  92.24  81.34  93.44  88.16 100.20  97.15  97.34  85.70  94.74  83.71  89.84  98.77  94.36  93.86  48.78  64.52  67.50  85.99  76.60  81.53  50.05  37.65  48.57  60.97  61.34  61.27  71.87  79.27  62.87  43.57  79.39  82.25  74.53  57.11  43.29  50.56  78.98  52.25  68.99  62.63  47.39  47.39  51.74  53.10  85.92  77.75  54.72  68.70  68.48  81.66  68.83  88.15  58.82  63.83  65.30  80.05  36.86  57.18  53.34  35.34  41.93  85.29  45.14  56.00  70.46  64.84  46.92  56.24  81.69  50.38  54.08  65.38  81.76  82.34  73.68  72.10  43.85  68.95  64.88  48.90  47.46  54.89  48.94  45.11  47.20  25.77  47.26  29.09  81.38  81.53  63.09  74.97  77.79  69.41  62.94  58.17  83.51  47.54  37.48  47.94  50.49  40.41  63.74  48.09  44.23  81.53  54.82    .00
YAY_2{TK.KAM-TAI|Tai-Kadai    81.06  79.60  78.53  88.67  87.93  93.40  86.31  89.67  89.95  95.65  92.09  94.37 100.58  96.73  85.52  93.32  93.53  78.73  90.19  89.38 100.95  92.57  97.98  85.56  95.52  81.79  87.61 101.04  92.24  92.22  57.29  63.48  65.13  85.21  73.06  77.87  53.90  45.59  53.25  57.48  55.99  58.50  69.01  75.33  55.95  48.88  80.62  79.66  68.45  54.72  47.57  54.05  75.15  53.15  63.62  56.34  52.92  52.92  43.97  45.75  80.76  76.48  53.89  66.05  66.58  78.57  66.91  82.10  55.88  61.70  57.45  73.50  26.46  56.79  43.85  43.60  34.66  80.68  46.97  61.79  73.50  61.19  52.61  52.36  79.85  53.79  44.23  54.94  80.42  78.72  70.36  68.60  51.69  66.44  58.85  56.78  56.41  61.54  54.66  52.84  57.17  39.85  58.28  37.30  82.59  80.10  61.13  71.84  76.18  59.21  51.65  53.00  81.02  50.03  41.47  55.09  40.81  28.94  64.22  48.02  45.10  77.67  50.51  18.61    .00
YONGNAN_CENTRAL_HONGSHUIHE    76.97  75.38  71.90  85.58  93.09  94.61  84.83  89.99  90.62  93.85  90.42  96.73 102.45  94.26  76.32  90.46  93.70  80.22  85.37  91.91  96.84  96.66  95.00  87.01  90.11  84.84  92.18  95.14  91.62  92.68  66.57  64.91  66.78  79.69  77.35  75.37  31.46  43.10  53.02  64.78  64.96  60.03  80.94  75.24  60.40  43.95  78.04  77.43  67.04  65.99  70.37  54.71  79.20  26.54  68.88  69.20  63.75  63.75  61.67  51.21  76.24  74.62  56.94  76.71  67.44  77.18  69.05  79.74  52.01  72.90  55.35  78.97  49.22  29.24  66.73  63.87  58.82  79.67  65.75  71.48  81.37  71.74  45.63  46.69  77.51  61.96  61.02  72.29  79.87  74.74  75.64  75.40  61.87  73.71  68.69  63.09  65.20  56.75  60.07  65.45  64.45  47.38  60.69  59.91  81.30  79.34  65.67  76.19  78.45  66.49  72.90  66.09  88.82  55.80  65.20  65.51  59.93  60.51  61.32  46.76  45.41  81.02  67.35  58.31  56.92    .00
YUANJIANG_TAI{TK.KAM-TAI|T    84.18  80.55  78.94  85.47  91.50  94.83  83.81  89.91  91.08  89.95  93.16  95.86 102.16  95.92  87.11  98.66  93.40  85.45  92.38  88.05  93.19  94.39 101.36  82.07  96.82  88.31  90.24  97.59  92.91  93.75  56.58  54.37  47.65  93.01  72.50  80.74  60.83  64.77  65.63  50.87  46.82  43.57  82.28  80.37  57.98  62.67  83.75  79.91  62.96  60.35  58.13  64.29  73.77  63.63  55.83  57.20  59.34  59.34  50.90  58.49  89.01  56.28  39.68  81.02  44.74  82.18  49.45  91.25  55.51  61.31  63.44  74.52  63.02  66.41  67.68  69.25  63.56  85.78  49.43  56.50  66.16  63.32  64.17  61.29  83.02  66.18  59.25  68.59  85.73  82.72  77.07  78.29  56.58  61.53  58.29  62.20  61.70  64.62  68.37  63.73  61.07  63.86  61.51  68.63  86.55  84.25  60.89  82.37  83.80  62.53  69.45  60.50  87.63  67.34  51.29  54.48  51.81  71.90  45.44  62.57  69.21  83.23  54.78  68.27  67.38  66.50    .00
YUANYANG_TAI{TK.KAM-TAI|Ta    81.00  79.31  79.64  88.72  89.62  92.70  84.42  90.47  91.16  91.80  90.15  93.31 100.50  96.16  86.90  97.20  91.74  75.83  90.25  84.61  94.42  94.39 100.87  86.92  95.31  84.59  86.38 100.02  87.46  92.99  50.36  40.87  28.22  88.88  71.47  77.21  55.99  59.58  62.71  34.35  25.17  30.22  73.52  70.76  46.03  59.07  81.93  79.44  55.55  50.39  50.69  60.06  74.24  59.72  49.49  43.10  47.80  47.80  41.46  49.99  85.31  44.86  26.34  77.27  27.27  76.89  36.37  87.56  55.23  49.64  52.67  73.39  54.10  61.74  66.65  66.63  61.79  79.02  36.22  44.40  57.60  46.11  57.45  58.10  78.04  58.78  51.85  59.18  77.45  77.75  71.15  70.93  48.47  47.51  40.98  56.65  52.61  58.53  61.15  56.89  54.12  55.73  56.53  63.83  83.50  81.98  61.25  76.36  78.97  54.22  56.07  54.55  83.43  65.13  41.57  45.34  39.96  64.28  25.46  57.94  63.46  79.17  42.92  61.72  60.48  61.71  35.57    .00
ZHANGLU_DONG{TK.KAM-TAI|Ta    86.77  86.01  85.06  91.28  85.78  96.10  94.84  89.50  92.96  94.45  91.67  90.10  94.16 102.45  75.98  96.76 101.62  64.63  83.46  84.08 102.04  97.21  97.25  83.93  96.13  82.22  93.99  99.36  91.53  95.05  84.96  77.93  77.09  62.56  82.12  69.48  74.76  76.08  81.41  75.40  73.11  76.27  45.22  18.29  76.43  74.72  71.00  68.13  77.57  84.16  78.45  74.78  86.22  74.47  83.70  85.29  82.59  82.59  80.43  80.30  62.75  82.67  76.60  71.42  78.96  61.42  77.75  64.31  78.25  87.35  82.28  83.04  76.87  73.69  79.96  83.23  80.19  63.23  77.73  84.88  88.06  86.22  77.68  75.79  55.70  83.97  81.77  86.99  46.52  46.93  53.17  55.99  81.71  81.64  82.07  84.32  83.20  83.26  85.03  82.81  84.47  78.64  84.92  83.17  68.99  66.58  83.31  53.05  57.27  76.01  86.78  81.79  46.76  81.10  80.56  84.55  79.94  80.77  76.06  76.46  80.38  65.73  84.06  81.22  78.55  74.78  81.38  71.46    .00
ZHUANG_NORTHERN{TK.KAM-TAI    76.56  73.83  75.23  85.93  89.18  95.45  84.11  86.56  89.80  94.82  94.94  97.45 102.56  97.53  81.71  94.19  93.44  79.73  87.42  86.66 102.14  91.45  99.10  84.04  94.37  80.23  89.75  96.82  92.18  95.05  69.18  59.46  63.20  82.06  74.42  76.60  58.36  40.35  34.71  57.56  56.77  63.03  80.68  73.29  59.30  31.39  75.46  77.33  71.03  67.03  60.67  50.39  77.95  55.99  61.67  66.06  64.93  64.93  54.23  59.89  76.05  76.71  58.72  77.87  67.02  75.05  67.41  79.31  55.72  73.85  61.41  77.97  46.27  57.77  62.01  64.95  54.01  83.30  61.95  74.19  79.93  75.76  44.17  61.98  76.88  66.02  55.43  71.85  76.73  75.90  77.12  75.34  62.85  74.86  70.21  64.94  65.50  69.92  65.62  68.10  65.15  51.34  63.12  55.03  78.13  76.08  67.32  79.38  76.70  63.62  63.67  65.09  84.63  38.78  56.79  67.48  49.96  47.41  63.77  30.57  30.60  74.70  62.43  51.52  41.56  50.89  66.71  61.02  72.54    .00
ZHUANG_SOUTHERN{TK.KAM-TAI    80.44  77.73  77.95  85.94  87.94  97.47  83.34  86.81  90.40  92.45  93.42  95.38 100.69  96.21  88.00  96.21  94.91  77.69  89.62  86.11  98.45  94.58  96.64  88.46  98.03  86.33  88.42 100.03  88.49  97.15  59.84  52.58  48.97  90.05  71.73  78.14  47.81  51.75  56.76  44.28  44.18  53.33  78.34  74.63  51.41  53.88  80.25  79.59  61.82  56.86  56.05  61.18  71.99  58.83  22.32  59.45  55.96  55.96  27.98  45.32  83.91  66.14  49.81  76.99  49.94  77.49  56.64  85.66  42.71  56.62  39.69  77.13  55.43  59.84  65.91  67.23  59.68  83.72  50.07  57.88  68.10  56.37  53.68  48.85  80.26  59.50  49.60  62.83  80.86  81.60  74.62  72.96  57.33  58.91  55.20  47.29  45.04  56.86  55.35  58.50  43.62  62.92  59.32  63.51  81.43  80.46  57.72  78.96  80.47  55.82  57.51  60.32  88.43  57.63  52.48  59.75  43.27  57.67  51.87  52.95  57.15  79.44  53.02  64.56  58.12  59.84  51.93  44.38  77.35  53.38    .00

LDND                          BAODI  LI_BA  LI_TO  BAHA_  BUYAN  CA_HA  CUN{T  ECUN_  GELAO  GELAO  GELAO  GREEN  HONGF  JINCH  JINXI  JUDU_  LACHI  LAHA{  LAKKJ  LANGJ  MULAO  NA_KH  NIUPO  PAHA{  PHO_B  PUBIA  TA_MI  WHITE  YERON  ZHENF  BLACK  DEHON  DEHON  DONGM  DONGY  FANGC  FUSUI  GUIGA  HAWYI  JINGH  JINGH  JINPI  KAM{T  KAM_Z  KHORA  LAIBI  LALIU  LALIU  LAMPA  LAO{T  LAOTI  LIANS  LINCH  LONGA  LONGZ  LU{TK  LUE_C  LUE_M  LUNG_  LUNG_  LUOCH  LVCHU  MAGUA  MAK{T  MANGS  MAONA  MENGL  MULAO  NINGM  NORTH  NUNG{  ONG_B  PO_AI  QINZH  SAEK{  SAEK_  SAEK_  SANDO  SHAN{  SHAN_  SHAN_  SHAN_  SHANG  SHANG  SHUIQ  SIAME  SIAME  SONGK  SOUTH  SUI{T  SUI_J  SUI_L  TAI_C  TAI_D  TAI_K  TAI_L  TAI_L  TAI_L  TAI_N  TAI_N  TAI_P  TAI_P  TAI_W  TAI_W  TAIYA  TAIYA  TAY{T  TEN{T  TEN_2  THAI{  THAI_  THAI_  TIANZ  WANGM  WHITE  WHITE  WHITE  WU_MI  WUDIN  WUMIN  WUMIN  XIANA  YANG{  YAY{T  YAY_2  YONGN  YUANJ  YUANY  ZHANG  ZHUAN  ZHUAN
Stop - Program terminated.

